nu1 nu2 nu3a nu3b nu4a nu4b J Ka Kc a/s E uncertainty transitions
0 0 0 0 0 0 0 0 0 s 0.000000000 0.000e+00 18
0 0 0 0 0 0 0 0 0 a 0.170745000 1.000e-06 16
0 0 0 0 0 0 1 0 1 s 9.097072782 1.483e-05 30
0 0 0 0 0 0 1 0 1 a 9.267719752 2.257e-05 26
0 0 0 0 0 0 1 1 1 s 11.191533934 1.054e-05 27
0 0 0 0 0 0 1 1 1 a 11.360026214 1.043e-05 27
0 0 0 0 0 0 1 1 0 s 12.796162977 6.843e-06 27
0 0 0 0 0 0 1 1 0 a 12.964028586 8.927e-06 31
0 0 0 0 0 0 2 0 2 s 26.656523063 1.446e-05 35
0 0 0 0 0 0 2 0 2 a 26.827011799 1.085e-05 26
0 0 0 0 0 0 2 1 2 s 27.779741150 1.768e-05 30
0 0 0 0 0 0 2 1 2 a 27.948707708 1.899e-05 35
0 0 0 0 0 0 2 1 1 s 32.591344679 1.892e-05 38
0 0 0 0 0 0 2 1 1 a 32.758434998 1.535e-05 36
0 0 0 0 0 0 2 2 1 s 38.868941935 1.564e-05 23
0 0 0 0 0 0 2 2 1 a 39.029391078 1.599e-05 31
0 0 0 0 0 0 2 2 0 s 39.501812234 1.570e-05 35
0 0 0 0 0 0 2 2 0 a 39.662269188 1.514e-05 29
0 0 0 0 0 0 3 0 3 s 51.869782964 2.535e-05 32
0 0 0 0 0 0 3 0 3 a 52.040255723 2.702e-05 35
0 0 0 0 0 0 3 1 3 s 52.316595105 2.639e-05 38
0 0 0 0 0 0 3 1 3 a 52.486256466 1.487e-05 26
0 0 0 0 0 0 3 1 2 s 61.763801202 2.742e-05 34
0 0 0 0 0 0 3 1 2 a 61.929662137 2.351e-05 41
0 0 0 0 0 0 3 2 2 s 66.152495379 2.602e-05 46
0 0 0 0 0 0 3 2 2 a 66.313028972 3.049e-05 39
0 0 0 0 0 0 3 2 1 s 68.849084253 2.893e-05 31
0 0 0 0 0 0 3 2 1 a 69.009454606 2.718e-05 36
0 0 0 0 0 0 3 3 1 s 80.939295490 2.439e-05 29
0 0 0 0 0 0 3 3 0 s 81.069842247 3.089e-05 25
0 0 0 0 0 0 3 3 1 a 81.133852008 2.566e-05 26
0 0 0 0 0 0 3 3 0 a 81.264490018 2.464e-05 29
0 0 0 0 0 0 4 0 4 s 84.424032196 3.626e-05 31
0 0 0 0 0 0 4 1 4 s 84.570784878 4.335e-05 29
0 0 0 0 0 0 4 0 4 a 84.594942461 3.066e-04 24
0 0 0 0 0 0 4 1 4 a 84.741502143 4.048e-05 28
0 0 0 0 0 0 4 1 3 s 99.522378783 3.261e-05 38
0 0 0 0 0 0 4 1 3 a 99.686435625 3.722e-05 35
0 0 0 0 0 0 4 2 3 s 102.007420510 3.523e-05 39
0 0 0 0 0 0 4 2 3 a 102.167634850 3.047e-05 45
0 0 0 0 0 0 4 2 2 s 108.467701753 2.974e-05 41
0 0 0 0 0 0 4 2 2 a 108.626851676 3.897e-05 35
0 0 0 0 0 0 4 3 2 s 118.215643650 4.108e-05 35
0 0 0 0 0 0 4 3 2 a 118.364159239 3.176e-05 43
0 0 0 0 0 0 4 3 1 s 119.282407940 3.188e-05 41
0 0 0 0 0 0 4 3 1 a 119.431321244 3.959e-05 32
0 0 0 0 0 0 5 0 5 s 124.354862610 4.653e-05 31
0 0 0 0 0 0 5 1 5 s 124.398358950 2.088e-04 23
0 0 0 0 0 0 5 0 5 a 124.527045281 2.522e-04 23
0 0 0 0 0 0 5 1 5 a 124.570491414 4.927e-04 21
0 0 0 0 0 0 4 4 1 s 137.652329351 3.154e-05 25
0 0 0 0 0 0 4 4 0 s 137.684880840 2.972e-05 33
0 0 0 0 0 0 4 4 1 a 137.807486634 3.059e-05 31
0 0 0 0 0 0 4 4 0 a 137.840062161 3.645e-05 28
0 0 0 0 0 0 5 1 4 s 144.945872195 1.637e-04 34
0 0 0 0 0 0 5 1 4 a 145.107929870 3.712e-05 38
0 0 0 0 0 0 5 2 4 s 146.064525488 4.387e-05 43
0 0 0 0 0 0 5 2 4 a 146.224324763 1.656e-04 32
0 0 0 0 0 0 5 2 3 s 157.738171604 1.633e-04 38
0 0 0 0 0 0 5 2 3 a 157.895205427 3.867e-05 43
0 0 0 0 0 0 5 3 3 s 164.630256575 3.677e-05 46
0 0 0 0 0 0 5 3 3 a 164.778266767 1.628e-04 37
0 0 0 0 0 0 5 3 2 s 168.077397932 1.636e-04 31
0 0 0 0 0 0 5 3 2 a 168.226211395 3.800e-05 40
0 0 0 0 0 0 6 0 6 s 171.717131363 5.166e-05 25
0 0 0 0 0 0 6 1 6 s 171.729172282 1.942e-04 28
0 0 0 0 0 0 6 0 6 a 171.891292199 2.524e-04 23
0 0 0 0 0 0 6 1 6 a 171.903296138 4.976e-05 20
0 0 0 0 0 0 5 4 2 s 184.482204149 3.961e-05 40
0 0 0 0 0 0 5 4 2 a 184.611600639 1.632e-04 37
0 0 0 0 0 0 5 4 1 s 184.806356705 1.632e-04 39
0 0 0 0 0 0 5 4 1 a 184.936014214 3.974e-05 38
0 0 0 0 0 0 6 1 5 s 197.575251404 4.561e-05 46
0 0 0 0 0 0 6 1 5 a 197.735731842 1.677e-04 30
0 0 0 0 0 0 6 2 5 s 197.995957787 1.989e-04 36
0 0 0 0 0 0 6 2 5 a 198.155403773 4.396e-05 35
0 0 0 0 0 0 5 5 1 s 209.078395715 3.803e-05 36
0 0 0 0 0 0 5 5 0 s 209.084391656 1.620e-04 25
0 0 0 0 0 0 5 5 1 a 209.224008669 1.620e-04 24
0 0 0 0 0 0 5 5 0 a 209.230016632 3.800e-05 30
0 0 0 0 0 0 6 2 4 s 215.727142294 4.474e-05 42
0 0 0 0 0 0 6 2 4 a 215.880968919 2.295e-04 37
0 0 0 0 0 0 6 3 4 s 219.833842987 2.078e-04 36
0 0 0 0 0 0 6 3 4 a 219.980878273 5.042e-05 40
0 0 0 0 0 0 7 0 7 s 226.529453628 2.326e-04 24
0 0 0 0 0 0 7 1 7 s 226.532673800 5.692e-05 23
0 0 0 0 0 0 7 0 7 a 226.706119154 5.162e-05 23
0 0 0 0 0 0 7 1 7 a 226.709316083 2.558e-04 21
0 0 0 0 0 0 6 3 3 s 227.474289515 4.586e-05 38
0 0 0 0 0 0 6 3 3 a 227.621844397 1.673e-04 32
0 0 0 0 0 0 6 4 3 s 240.804714371 2.284e-04 34
0 0 0 0 0 0 6 4 3 a 240.937560541 4.447e-05 39
0 0 0 0 0 0 6 4 2 s 242.168295652 4.435e-05 45
0 0 0 0 0 0 6 4 2 a 242.302070632 2.290e-04 40
0 0 0 0 0 0 7 1 6 s 257.434220443 1.161e-03 32
0 0 0 0 0 0 7 2 6 s 257.574623313 5.198e-05 40
0 0 0 0 0 0 7 1 6 a 257.593205401 3.790e-04 31
0 0 0 0 0 0 7 2 6 a 257.733910330 2.524e-04 31
0 0 0 0 0 0 6 5 2 s 265.261068495 2.287e-04 28
0 0 0 0 0 0 6 5 1 s 265.319886018 4.597e-05 41
0 0 0 0 0 0 6 5 2 a 265.413879370 4.602e-05 34
0 0 0 0 0 0 6 5 1 a 265.472773514 1.669e-04 27
0 0 0 0 0 0 7 2 5 s 281.399302436 5.406e-04 31
0 0 0 0 0 0 7 2 5 a 281.550203465 5.214e-05 37
0 0 0 0 0 0 7 3 5 s 283.413610519 5.072e-05 42
0 0 0 0 0 0 7 3 5 a 283.559633303 4.076e-04 30
0 0 0 0 0 0 8 0 8 a 288.619241146 7.706e-03 14
0 0 0 0 0 0 8 0 8 s 288.791148472 6.414e-04 22
0 0 0 0 0 0 8 1 8 s 288.798165925 7.707e-03 15
0 0 0 0 0 0 8 1 8 a 288.971745078 6.410e-04 20
0 0 0 0 0 0 6 6 1 s 295.185108573 2.279e-04 18
0 0 0 0 0 0 6 6 0 s 295.186248720 3.765e-04 21
0 0 0 0 0 0 6 6 1 a 295.321818777 3.697e-04 20
0 0 0 0 0 0 6 6 0 a 295.322723414 4.734e-04 17
0 0 0 0 0 0 7 3 4 s 296.784313603 2.575e-04 31
0 0 0 0 0 0 7 3 4 a 296.929204167 5.071e-05 39
0 0 0 0 0 0 7 4 4 s 306.419691487 5.214e-05 41
0 0 0 0 0 0 7 4 4 a 306.551705842 2.339e-04 28
0 0 0 0 0 0 7 4 3 s 310.358040893 2.336e-04 29
0 0 0 0 0 0 7 4 3 a 310.492020675 5.214e-05 37
0 0 0 0 0 0 8 1 7 s 324.630763392 2.814e-04 34
0 0 0 0 0 0 8 2 7 s 324.674724431 9.250e-04 24
0 0 0 0 0 0 8 1 7 a 324.790605142 2.843e-04 22
0 0 0 0 0 0 8 2 7 a 324.834762288 3.476e-04 32
0 0 0 0 0 0 7 5 3 s 331.074932568 5.072e-05 34
0 0 0 0 0 0 7 5 3 a 331.188121486 2.574e-04 31
0 0 0 0 0 0 7 5 2 s 331.503495587 2.575e-04 30
0 0 0 0 0 0 7 5 2 a 331.617139631 5.105e-05 35
0 0 0 0 0 0 8 2 6 s 354.151567638 2.808e-04 38
0 0 0 0 0 0 8 2 6 a 354.298127959 3.036e-04 30
0 0 0 0 0 0 8 3 6 s 354.985563350 2.844e-04 28
0 0 0 0 0 0 8 3 6 a 355.129558613 2.812e-04 31
0 0 0 0 0 0 9 0 9 s 358.493805950 4.135e-03 15
0 0 0 0 0 0 9 1 9 s 358.495725639 8.173e-04 18
0 0 0 0 0 0 9 1 9 a 358.677524733 3.805e-03 16
0 0 0 0 0 0 9 0 9 a 358.678457806 3.885e-04 12
0 0 0 0 0 0 7 6 2 s 360.649981718 5.248e-05 29
0 0 0 0 0 0 7 6 1 s 360.662308436 2.337e-04 27
0 0 0 0 0 0 7 6 2 a 360.785134829 2.336e-04 19
0 0 0 0 0 0 7 6 1 a 360.797485175 5.218e-05 28
0 0 0 0 0 0 8 3 5 s 374.968409259 5.876e-05 33
0 0 0 0 0 0 8 3 5 a 375.108773303 8.586e-04 24
0 0 0 0 0 0 8 4 5 s 380.974689746 8.652e-04 27
0 0 0 0 0 0 8 4 5 a 381.105584381 5.795e-05 35
0 0 0 0 0 0 8 4 4 s 389.412536332 5.793e-05 32
0 0 0 0 0 0 8 4 4 a 389.545208524 8.657e-04 25
0 0 0 0 0 0 7 7 0 s 395.896853195 5.091e-04 11
0 0 0 0 0 0 7 7 1 s 395.897558736 6.706e-04 15
0 0 0 0 0 0 7 7 1 a 396.021575337 2.825e-04 12
0 0 0 0 0 0 7 7 0 a 396.021960366 3.778e-04 17
0 0 0 0 0 0 9 1 8 s 399.226542116 2.280e-03 21
0 0 0 0 0 0 9 2 8 s 399.237553598 4.106e-04 30
0 0 0 0 0 0 9 1 8 a 399.385198892 2.441e-03 26
0 0 0 0 0 0 9 2 8 a 399.398608655 2.335e-03 16
0 0 0 0 0 0 8 5 4 s 406.477311623 8.588e-04 31
0 0 0 0 0 0 8 5 4 a 406.592326328 5.905e-05 27
0 0 0 0 0 0 8 5 3 s 408.026980126 5.877e-05 38
0 0 0 0 0 0 8 5 3 a 408.137800757 1.856e-03 29
0 0 0 0 0 0 9 2 7 s 433.950463936 1.871e-03 30
0 0 0 0 0 0 9 2 7 a 434.099537501 5.349e-04 27
0 0 0 0 0 0 9 3 7 s 434.263279925 7.755e-04 31
0 0 0 0 0 0 9 3 7 a 434.414910194 2.043e-03 23
0 0 0 0 0 0 10 0 10 s 435.629108686 6.323e-04 13
0 0 0 0 0 0 10 1 10 s 435.630217484 2.161e-03 12
0 0 0 0 0 0 8 6 3 s 435.756933865 8.654e-04 22
0 0 0 0 0 0 10 1 10 a 435.817078051 6.284e-04 15
0 0 0 0 0 0 10 0 10 a 435.818035793 2.744e-03 10
0 0 0 0 0 0 8 6 2 s 435.824270241 5.798e-05 30
0 0 0 0 0 0 8 6 3 a 435.916509259 5.798e-05 25
0 0 0 0 0 0 8 6 2 a 435.983326681 8.656e-04 21
0 0 0 0 0 0 9 3 6 s 460.885090700 8.805e-04 28
0 0 0 0 0 0 9 3 6 a 461.020757175 6.442e-05 34
0 0 0 0 0 0 9 3 8 a 461.020858341 1.223e-03 1
0 0 0 0 0 0 9 4 6 s 464.037464960 6.515e-05 33
0 0 0 0 0 0 9 4 6 a 464.165732120 8.740e-04 30
0 0 0 0 0 0 8 7 2 s 470.621212642 7.754e-04 14
0 0 0 0 0 0 8 7 1 s 470.622874847 5.035e-04 22
0 0 0 0 0 0 8 7 1 a 470.735849695 5.798e-03 17
0 0 0 0 0 0 8 7 2 a 470.748191178 2.936e-03 19
0 0 0 0 0 0 9 4 5 s 478.637677390 8.743e-04 21
0 0 0 0 0 0 9 4 5 a 478.768272840 6.560e-05 32
0 0 0 0 0 0 10 1 9 s 481.228596813 7.895e-05 21
0 0 0 0 0 0 10 2 9 s 481.237474107 4.444e-03 18
0 0 0 0 0 0 10 1 9 a 481.391571932 2.325e-03 17
0 0 0 0 0 0 10 2 9 a 481.394339605 5.677e-04 21
0 0 0 0 0 0 9 5 5 s 491.278110189 6.488e-05 29
0 0 0 0 0 0 9 5 5 a 491.391468094 8.809e-04 29
0 0 0 0 0 0 9 5 4 s 495.493187180 8.809e-04 25
0 0 0 0 0 0 9 5 4 a 495.610300446 6.485e-05 34
0 0 0 0 0 0 8 8 1 s 511.114015684 3.451e-03 6
0 0 0 0 0 0 8 8 0 s 511.127008971 7.709e-03 10
0 0 0 0 0 0 8 8 0 a 511.227972653 9.591e-04 7
0 0 0 0 0 0 8 8 1 a 511.230515534 5.922e-04 5
0 0 0 0 0 0 11 1 11 s 520.180296717 5.773e-04 8
0 0 0 0 0 0 11 0 11 s 520.183498282 3.443e-03 11
0 0 0 0 0 0 11 0 11 a 520.372938184 5.915e-04 8
0 0 0 0 0 0 11 1 11 a 520.376537170 3.696e-03 10
0 0 0 0 0 0 9 6 4 s 520.554497672 6.560e-05 27
0 0 0 0 0 0 9 6 4 a 520.648665123 8.745e-04 25
0 0 0 0 0 0 10 2 8 s 520.967703401 7.094e-05 29
0 0 0 0 0 0 9 6 3 s 521.051610612 8.744e-04 24
0 0 0 0 0 0 10 3 8 s 521.074832861 2.406e-03 20
0 0 0 0 0 0 10 2 8 a 521.109160385 1.210e-03 20
0 0 0 0 0 0 9 6 3 a 521.147066321 6.562e-05 25
0 0 0 0 0 0 10 3 8 a 521.213150357 1.594e-03 20
0 0 0 0 0 0 10 3 7 s 553.775426949 3.220e-04 28
0 0 0 0 0 0 10 3 7 a 553.906344095 2.660e-03 25
0 0 0 0 0 0 9 7 3 s 554.946151882 7.499e-04 25
0 0 0 0 0 0 9 7 2 s 554.962871895 9.940e-04 24
0 0 0 0 0 0 9 7 3 a 555.070132798 1.493e-03 18
0 0 0 0 0 0 9 7 2 a 555.087577498 3.266e-04 20
0 0 0 0 0 0 10 4 7 s 555.186802856 1.976e-03 23
0 0 0 0 0 0 10 4 7 a 555.312107021 3.219e-04 19
0 0 0 0 0 0 11 2 10 s 570.642238232 4.011e-04 14
0 0 0 0 0 0 11 1 10 s 570.642374784 2.651e-03 14
0 0 0 0 0 0 11 1 10 a 570.804137858 9.932e-05 15
0 0 0 0 0 0 11 2 10 a 570.806199339 2.377e-03 13
0 0 0 0 0 0 10 4 6 S 576.919543756 5.338e-03 1
0 0 0 0 0 0 10 4 6 s 576.921959397 7.083e-04 26
0 0 0 0 0 0 10 4 6 a 577.047896496 1.956e-03 20
0 0 0 0 0 0 10 5 6 s 585.131094170 1.953e-03 19
0 0 0 0 0 0 10 5 6 a 585.242718341 7.083e-04 24
0 0 0 0 0 0 10 5 5 s 594.029585189 7.074e-04 25
0 0 0 0 0 0 10 5 5 a 594.146361665 1.954e-03 25
0 0 0 0 0 0 9 8 1 s 595.083348437 3.729e-03 14
0 0 0 0 0 0 9 8 2 s 595.089241752 1.985e-03 12
0 0 0 0 0 0 9 8 1 a 595.194226390 4.664e-03 17
0 0 0 0 0 0 9 8 2 a 595.200108674 1.401e-03 11
0 0 0 0 0 0 12 0 12 s 612.133925099 1.172e-03 8
0 0 0 0 0 0 12 1 12 s 612.135545913 3.104e-03 8
0 0 0 0 0 0 12 1 12 a 612.332862555 1.106e-03 8
0 0 0 0 0 0 12 0 12 a 612.334271078 2.961e-03 8
0 0 0 0 0 0 10 6 5 s 614.999774099 1.400e-03 20
0 0 0 0 0 0 10 6 5 a 615.094433672 3.474e-04 21
0 0 0 0 0 0 11 2 9 s 615.292468062 2.544e-03 18
0 0 0 0 0 0 11 3 9 s 615.324560578 4.514e-04 21
0 0 0 0 0 0 11 2 9 a 615.431134075 3.664e-04 20
0 0 0 0 0 0 11 3 9 a 615.467927292 2.674e-03 15
0 0 0 0 0 0 10 6 4 s 616.641555698 6.571e-04 24
0 0 0 0 0 0 10 6 4 a 616.738949374 1.374e-03 22
0 0 0 0 0 0 9 9 0 s 640.730292320 1.272e-03 8
0 0 0 0 0 0 9 9 1 s 640.731338251 1.002e-03 10
0 0 0 0 0 0 9 9 1 a 640.830674688 3.316e-03 7
0 0 0 0 0 0 9 9 0 a 640.844173900 6.542e-03 8
0 0 0 0 0 0 10 7 4 s 648.951974404 1.485e-03 22
0 0 0 0 0 0 10 7 3 s 649.012800717 5.027e-04 24
0 0 0 0 0 0 10 7 4 a 649.121663186 5.028e-04 27
0 0 0 0 0 0 10 7 3 a 649.182991196 1.402e-03 19
0 0 0 0 0 0 11 3 8 s 653.526315385 1.857e-03 22
0 0 0 0 0 0 11 3 8 a 653.650698468 3.572e-04 23
0 0 0 0 0 0 11 4 8 s 654.086588310 4.069e-04 19
0 0 0 0 0 0 11 4 8 a 654.211560020 2.081e-03 19
0 0 0 0 0 0 12 1 11 s 667.451142322 6.138e-04 10
0 0 0 0 0 0 12 2 11 s 667.452211979 3.308e-03 11
0 0 0 0 0 0 12 2 11 a 667.615650761 5.923e-04 11
0 0 0 0 0 0 12 1 11 a 667.617237149 3.227e-03 12
0 0 0 0 0 0 11 4 7 s 683.026887371 2.331e-03 19
0 0 0 0 0 0 11 4 7 a 683.144981456 3.589e-04 22
0 0 0 0 0 0 11 5 7 s 687.592553648 3.572e-04 22
0 0 0 0 0 0 11 5 7 a 687.703348578 1.857e-03 19
0 0 0 0 0 0 10 8 3 s 688.608943114 1.405e-03 16
0 0 0 0 0 0 10 8 2 s 688.611845407 5.025e-04 18
0 0 0 0 0 0 10 8 3 a 688.720432759 5.027e-04 18
0 0 0 0 0 0 10 8 2 a 688.723210269 1.316e-03 16
0 0 0 0 0 0 11 5 6 s 702.988434666 1.744e-03 17
0 0 0 0 0 0 11 5 6 a 703.099958463 3.077e-03 24
0 0 0 0 0 0 13 1 13 s 711.474881805 1.327e-03 5
0 0 0 0 0 0 13 0 13 s 711.476008159 3.501e-03 9
0 0 0 0 0 0 13 0 13 a 711.680406433 1.368e-03 10
0 0 0 0 0 0 13 1 13 a 711.683029320 3.354e-03 5
0 0 0 0 0 0 12 2 10 s 716.965137040 3.992e-04 18
0 0 0 0 0 0 12 3 10 s 716.976777023 2.560e-03 15
0 0 0 0 0 0 12 2 10 a 717.106176289 2.733e-03 15
0 0 0 0 0 0 12 3 10 a 717.115540023 5.417e-04 17
0 0 0 0 0 0 11 6 6 s 718.910173756 3.093e-03 22
0 0 0 0 0 0 11 6 6 a 719.006896010 1.839e-03 18
0 0 0 0 0 0 11 6 5 s 723.223190067 1.848e-03 23
0 0 0 0 0 0 11 6 5 a 723.320185643 7.883e-04 25
0 0 0 0 0 0 10 9 1 s 733.937153296 2.302e-03 11
0 0 0 0 0 0 10 9 2 s 733.939889951 1.343e-03 8
0 0 0 0 0 0 10 9 1 a 734.039251013 2.213e-03 13
0 0 0 0 0 0 10 9 2 a 734.041198578 1.254e-03 5
0 0 0 0 0 0 11 7 5 s 752.673148571 8.479e-04 20
0 0 0 0 0 0 11 7 5 a 752.749650073 1.746e-03 20
0 0 0 0 0 0 11 7 4 s 753.207906082 1.666e-03 15
0 0 0 0 0 0 11 7 4 a 753.282890233 1.251e-03 19
0 0 0 0 0 0 12 3 9 s 760.316224484 5.730e-04 19
0 0 0 0 0 0 12 3 9 a 760.439857459 2.595e-03 19
0 0 0 0 0 0 12 4 9 s 760.526245290 3.010e-03 19
0 0 0 0 0 0 12 4 9 a 760.643934331 4.264e-04 21
0 0 0 0 0 0 13 2 12 s 771.645044500 1.217e-03 10
0 0 0 0 0 0 13 1 12 s 771.646372566 2.970e-03 10
0 0 0 0 0 0 13 1 12 a 771.812435605 1.210e-03 10
0 0 0 0 0 0 13 2 12 a 771.814571597 3.020e-03 5
0 0 0 0 0 0 10 10 1 s 784.620106106 2.523e-03 6
0 0 0 0 0 0 10 10 0 s 784.630596427 5.759e-03 7
0 0 0 0 0 0 10 10 0 a 784.714560694 1.424e-03 7
0 0 0 0 0 0 10 10 1 a 784.714790028 1.258e-03 4
0 0 0 0 0 0 11 8 4 s 791.750729189 7.885e-04 21
0 0 0 0 0 0 11 8 3 s 791.769040921 1.885e-03 23
0 0 0 0 0 0 11 8 4 a 791.864907169 1.811e-03 23
0 0 0 0 0 0 11 8 3 a 791.881133155 8.483e-04 20
0 0 0 0 0 0 12 4 8 s 796.034570067 5.908e-04 17
0 0 0 0 0 0 12 4 8 a 796.147486959 2.151e-03 18
0 0 0 0 0 0 12 5 8 s 798.220325291 2.262e-03 19
0 0 0 0 0 0 12 5 8 a 798.325917431 6.729e-04 17
0 0 0 0 0 0 14 0 14 s 818.185080840 1.976e-03 4
0 0 0 0 0 0 14 1 14 s 818.187003065 3.638e-03 9
0 0 0 0 0 0 14 1 14 a 818.398253708 2.020e-03 6
0 0 0 0 0 0 14 0 14 a 818.400102153 3.564e-03 8
0 1 0 0 0 0 1 0 1 s 819.243701335 2.001e-04 4
0 0 0 0 0 0 12 5 7 s 821.216788075 8.631e-04 18
0 0 0 0 0 0 12 5 7 a 821.327279949 2.229e-03 21
0 1 0 0 0 0 1 1 1 s 821.457585226 2.000e-04 5
0 1 0 0 0 0 1 1 0 s 823.064372324 2.000e-04 3
0 0 0 0 0 0 13 2 11 s 825.999975613 3.358e-03 12
0 0 0 0 0 0 13 3 11 s 826.000019415 8.344e-04 14
0 0 0 0 0 0 13 2 11 a 826.137854138 7.856e-04 17
0 0 0 0 0 0 13 3 11 a 826.142083731 3.367e-03 13
0 1 0 0 0 0 1 0 1 a 828.577952107 2.003e-04 3
0 1 0 0 0 0 1 1 1 a 830.761212782 2.006e-04 1
0 0 0 0 0 0 12 6 7 s 831.958913582 2.151e-03 21
0 0 0 0 0 0 12 6 7 a 832.050262811 8.619e-04 20
0 1 0 0 0 0 1 1 0 a 832.338385766 2.000e-04 4
0 0 0 0 0 0 11 9 3 s 836.643949871 1.044e-03 12
0 0 0 0 0 0 11 9 2 s 836.646283308 1.733e-03 8
0 1 0 0 0 0 2 0 2 s 836.656382712 2.003e-04 5
0 0 0 0 0 0 11 9 3 a 836.745361775 1.766e-03 11
0 0 0 0 0 0 11 9 2 a 836.745867164 7.624e-04 15
0 1 0 0 0 0 2 1 2 s 837.874791629 2.003e-04 4
0 0 0 0 0 0 12 6 6 s 841.015909948 8.629e-04 20
0 0 0 0 0 0 12 6 6 a 841.115713982 2.089e-03 20
0 1 0 0 0 0 2 1 1 s 842.676812685 2.005e-04 6
0 1 0 0 0 0 2 0 2 a 845.957152006 2.003e-04 5
0 1 0 0 0 0 2 1 2 a 847.234108267 2.005e-04 6
0 1 0 0 0 0 2 2 1 s 849.388445323 2.003e-04 5
0 1 0 0 0 0 2 2 0 s 849.952320542 2.002e-04 5
0 1 0 0 0 0 2 1 1 a 851.946805719 2.006e-04 4
0 1 0 0 0 0 2 2 1 a 858.485013403 2.002e-04 6
0 1 0 0 0 0 2 2 0 a 859.075493057 2.001e-04 4
0 1 0 0 0 0 3 0 3 s 861.653272030 2.006e-04 4
0 1 0 0 0 0 3 1 3 s 862.154998242 2.005e-04 5
0 0 0 0 0 0 12 7 6 s 866.071022986 2.206e-03 17
0 0 0 0 0 0 12 7 6 a 866.145472939 8.636e-04 22
0 0 0 0 0 0 12 7 5 s 867.728216094 8.636e-04 24
0 0 0 0 0 0 12 7 5 a 867.806854144 2.332e-03 16
0 1 0 0 0 0 3 1 3 a 870.882263064 2.003e-04 6
0 1 0 0 0 0 3 0 3 a 870.924216209 2.009e-04 3
0 1 0 0 0 0 3 1 2 s 872.314728852 2.003e-04 4
0 0 0 0 0 0 13 3 10 s 874.302821521 2.620e-03 17
0 0 0 0 0 0 13 4 10 s 874.373386182 8.590e-04 19
0 0 0 0 0 0 13 3 10 a 874.421276816 5.948e-04 20
0 0 0 0 0 0 13 4 10 a 874.494328152 2.684e-03 19
0 1 0 0 0 0 3 2 2 s 876.503180684 2.009e-04 3
0 1 0 0 0 0 3 2 1 s 878.995182975 2.006e-04 4
0 1 0 0 0 0 3 1 2 a 880.854308064 2.005e-04 7
0 0 0 0 0 0 14 1 13 s 883.205500040 1.388e-03 9
0 0 0 0 0 0 14 2 13 s 883.208065365 3.361e-03 9
0 0 0 0 0 0 14 2 13 a 883.376823359 1.509e-03 5
0 0 0 0 0 0 14 1 13 a 883.378132617 3.452e-03 10
0 1 0 0 0 0 3 2 2 a 885.557690641 2.006e-04 4
0 0 0 0 0 0 11 10 2 s 887.053991779 8.459e-04 8
0 0 0 0 0 0 11 10 1 s 887.053994507 1.786e-03 8
0 0 0 0 0 0 11 10 1 a 887.143748671 1.126e-03 4
0 0 0 0 0 0 11 10 2 a 887.145577023 1.756e-03 7
0 1 0 0 0 0 3 2 1 a 888.096028251 2.009e-04 6
0 1 0 0 0 0 3 3 1 s 891.793813462 2.006e-04 6
0 1 0 0 0 0 3 3 0 s 891.928896900 3.272e-03 3
0 1 0 0 0 0 4 0 4 s 893.894288745 2.017e-04 4
0 1 0 0 0 0 4 1 4 s 894.065160112 2.016e-04 3
0 1 0 0 0 0 3 3 1 a 900.659935378 2.006e-04 5
0 1 0 0 0 0 3 3 0 a 900.807795893 2.006e-04 3
0 1 0 0 0 0 4 0 4 a 903.180693358 2.366e-04 3
0 1 0 0 0 0 4 1 4 a 903.293874672 2.018e-04 4
0 0 0 0 0 0 12 8 5 s 904.579290702 2.125e-03 14
0 0 0 0 0 0 12 8 4 s 904.626012197 8.628e-04 23
0 0 0 0 0 0 12 8 5 a 904.753774968 8.630e-04 21
0 0 0 0 0 0 12 8 4 a 904.803896050 2.035e-03 14
0 1 0 0 0 0 4 1 3 s 909.396114402 2.017e-04 7
0 1 0 0 0 0 4 2 3 s 912.098770988 2.006e-04 5
0 0 0 0 0 0 13 4 9 s 915.709486930 2.708e-03 20
0 0 0 0 0 0 13 4 9 a 915.814549524 7.612e-04 19
0 0 0 0 0 0 13 5 9 s 916.637823125 6.819e-04 20
0 0 0 0 0 0 13 5 9 a 916.742292846 2.890e-03 23
0 1 0 0 0 0 4 2 2 s 918.062952065 2.014e-04 6
0 1 0 0 0 0 4 1 3 a 918.278228993 2.016e-04 7
0 1 0 0 0 0 4 2 3 a 921.329205161 2.017e-04 6
0 1 0 0 0 0 4 2 2 a 927.310023035 2.019e-04 5
0 1 0 0 0 0 4 3 2 s 928.818489700 2.023e-04 5
0 1 0 0 0 0 4 3 1 s 929.703161427 2.018e-04 5
0 0 0 0 0 0 15 1 15 s 932.246380649 2.482e-03 6
0 0 0 0 0 0 15 0 15 s 932.249035760 3.965e-03 3
0 0 0 0 0 0 15 0 15 a 932.468373116 2.189e-03 3
0 0 0 0 0 0 15 1 15 a 932.469944400 3.831e-03 7
0 1 0 0 0 0 5 0 5 s 933.404322522 2.190e-04 5
0 1 0 0 0 0 5 1 5 s 933.456665620 2.033e-04 5
0 1 0 0 0 0 4 3 2 a 937.602369496 2.017e-04 6
0 1 0 0 0 0 4 3 1 a 938.537300797 2.021e-04 6
0 0 0 0 0 0 14 2 12 s 942.381990109 1.379e-03 10
0 0 0 0 0 0 14 3 12 s 942.384708779 3.228e-03 10
0 0 0 0 0 0 14 3 12 a 942.522972875 1.327e-03 9
0 0 0 0 0 0 14 2 12 a 942.523693194 3.286e-03 9
0 0 0 0 0 0 11 11 1 s 942.655862872 1.147e-03 5
0 0 0 0 0 0 11 11 0 s 942.656046235 1.684e-03 6
0 0 0 0 0 0 11 11 1 a 942.734746578 2.853e-03 4
0 0 0 0 0 0 11 11 0 a 942.736755152 1.147e-03 7
0 1 0 0 0 0 5 0 5 a 942.744927159 2.041e-04 4
0 1 0 0 0 0 5 1 5 a 942.782403764 2.054e-04 4
0 0 0 0 0 0 13 5 8 s 947.401944457 2.466e-03 15
0 0 0 0 0 0 13 5 8 a 947.503370137 8.044e-04 17
0 0 0 0 0 0 12 9 4 s 948.901589376 2.150e-03 15
0 0 0 0 0 0 12 9 3 s 948.903191021 9.993e-04 16
0 0 0 0 0 0 12 9 4 a 948.999034017 9.901e-04 16
0 0 0 0 0 0 12 9 3 a 949.003394863 2.222e-03 17
0 1 0 0 0 0 4 4 1 s 949.011868500 2.017e-04 3
0 1 0 0 0 0 4 4 0 s 949.038702867 2.015e-04 2
0 0 0 0 0 0 13 6 8 s 953.698265142 8.839e-04 19
0 0 0 0 0 0 13 6 8 a 953.789529764 2.566e-03 20
0 1 0 0 0 0 5 1 4 s 954.536858379 2.031e-04 7
0 1 0 0 0 0 5 2 4 s 955.812674648 2.025e-04 7
0 1 0 0 0 0 4 4 0 a 957.537835482 2.161e-02 3
0 1 0 0 0 0 4 4 1 a 957.550703048 2.015e-04 3
0 1 0 0 0 0 5 1 4 a 963.306365720 2.023e-04 5
0 1 0 0 0 0 5 2 4 a 964.151575349 2.035e-04 5
0 1 0 0 0 0 5 2 3 s 967.856601383 2.035e-04 5
0 0 0 0 0 0 13 6 7 s 969.473994828 2.585e-03 15
0 0 0 0 0 0 13 6 7 a 969.569647480 9.100e-04 18
0 1 0 0 0 0 5 3 3 s 974.970927344 2.022e-04 5
0 1 0 0 0 0 5 2 3 a 976.126103379 2.025e-04 7
0 1 0 0 0 0 5 3 2 s 977.909870251 2.038e-04 5
0 1 0 0 0 0 6 0 6 s 980.239787573 2.052e-04 4
0 1 0 0 0 0 6 1 6 s 980.254872404 2.054e-04 2
0 1 0 0 0 0 5 3 3 a 983.701035551 2.031e-04 5
0 1 0 0 0 0 5 3 2 a 986.752370289 2.022e-04 6
0 0 0 0 0 0 13 7 7 s 988.975013477 8.256e-04 19
0 0 0 0 0 0 13 7 7 a 989.051089814 2.465e-03 19
0 1 0 0 0 0 6 0 6 a 989.665186593 3.126e-04 3
0 1 0 0 0 0 6 1 6 a 989.675991933 2.066e-04 3
0 0 0 0 0 0 13 7 6 s 993.227470974 2.439e-03 16
0 0 0 0 0 0 13 7 6 a 993.305861835 8.044e-04 22
0 1 0 0 0 0 5 4 2 s 995.459615731 2.025e-04 4
0 0 0 0 0 0 14 3 11 s 995.555459963 1.014e-03 19
0 0 0 0 0 0 14 4 11 s 995.581687837 3.069e-03 15
0 0 0 0 0 0 14 3 11 a 995.674906509 3.141e-03 18
0 1 0 0 0 0 5 4 1 s 995.687701244 2.039e-04 1
0 0 0 0 0 0 14 4 11 a 995.696966107 8.386e-04 19
0 0 0 0 0 0 12 10 2 s 998.930009053 1.098e-03 8
0 0 0 0 0 0 12 10 3 s 998.930256084 2.067e-03 7
0 0 0 0 0 0 12 10 3 a 999.019127046 1.207e-03 11
0 0 0 0 0 0 12 10 2 a 999.020758962 2.152e-03 5
0 0 0 0 0 0 15 2 14 s 1002.116836378 2.037e-03 9
0 0 0 0 0 0 15 1 14 s 1002.118677066 3.647e-03 8
0 0 0 0 0 0 15 1 14 a 1002.291461643 2.076e-03 6
0 0 0 0 0 0 15 2 14 a 1002.292900485 3.564e-03 10
0 1 0 0 0 0 5 4 2 a 1003.925520026 2.042e-04 3
0 1 0 0 0 0 5 4 1 a 1004.175267767 2.026e-04 4
0 1 0 0 0 0 6 1 5 s 1006.824841918 2.048e-04 6
0 1 0 0 0 0 6 2 5 s 1007.325448144 2.946e-04 5
0 1 0 0 0 0 6 1 5 a 1015.484855577 2.311e-04 7
0 1 0 0 0 0 6 2 5 a 1015.860458339 2.035e-04 6
0 1 0 0 0 0 5 5 1 s 1021.094293896 2.022e-04 3
0 1 0 0 0 0 5 5 0 s 1021.099022161 2.033e-04 1
0 1 0 0 0 0 6 2 4 s 1025.313864766 2.035e-04 4
0 0 0 0 0 0 13 8 6 s 1027.116495326 9.260e-04 20
0 0 0 0 0 0 13 8 6 a 1027.174661604 2.520e-03 16
0 0 0 0 0 0 13 8 5 s 1027.659971764 2.517e-03 20
0 0 0 0 0 0 13 8 5 a 1027.716096120 9.192e-04 15
0 1 0 0 0 0 5 5 1 a 1029.227148028 2.025e-04 2
0 1 0 0 0 0 5 5 0 a 1029.232563737 2.022e-04 2
0 1 0 0 0 0 6 3 4 s 1029.839401489 2.944e-04 5
0 1 0 0 0 0 6 2 4 a 1033.621103449 2.941e-04 6
0 1 0 0 0 0 7 0 7 s 1034.421384183 3.126e-04 2
0 1 0 0 0 0 7 1 7 s 1034.425500575 2.396e-04 4
0 1 0 0 0 0 6 3 3 s 1036.043527258 2.038e-04 6
0 1 0 0 0 0 6 3 4 a 1039.169839915 1.781e-04 3
0 0 0 0 0 0 14 4 10 s 1042.225471167 8.072e-04 17
0 0 0 0 0 0 14 4 10 a 1042.328554130 2.861e-03 18
0 0 0 0 0 0 14 5 10 s 1042.591887177 2.936e-03 17
0 0 0 0 0 0 14 5 10 a 1042.690523298 9.462e-04 19
0 1 0 0 0 0 7 0 7 a 1043.959319969 2.062e-04 2
0 1 0 0 0 0 7 1 7 a 1043.962192913 3.378e-04 2
0 1 0 0 0 0 6 3 3 a 1045.509049284 2.944e-04 5
0 1 0 0 0 0 6 4 3 s 1051.408686553 2.941e-04 3
0 1 0 0 0 0 6 4 2 s 1052.427536927 2.035e-04 3
0 0 0 0 0 0 16 0 16 s 1053.639525955 2.796e-03 4
0 0 0 0 0 0 16 1 16 s 1053.641229795 4.286e-03 3
0 0 0 0 0 0 16 1 16 a 1053.870915391 2.839e-03 3
0 0 0 0 0 0 16 0 16 a 1053.872462390 4.071e-03 5
0 0 0 0 0 0 12 11 1 s 1054.294238975 1.232e-03 5
0 0 0 0 0 0 12 11 2 s 1054.296183052 2.073e-03 5
0 0 0 0 0 0 12 11 2 a 1054.375154915 1.322e-03 5
0 0 0 0 0 0 12 11 1 a 1054.375343145 2.159e-03 3
0 1 0 0 0 0 6 4 3 a 1059.755968942 2.034e-04 4
0 1 0 0 0 0 6 4 2 a 1060.857638214 2.946e-04 2
0 0 0 0 0 0 15 3 13 s 1066.105124779 1.388e-03 7
0 0 0 0 0 0 15 2 13 s 1066.106147421 3.489e-03 13
0 1 0 0 0 0 7 1 6 s 1066.231221276 3.962e-04 5
0 0 0 0 0 0 15 2 13 a 1066.245341256 1.482e-03 7
0 0 0 0 0 0 15 3 13 a 1066.247841767 3.649e-03 12
0 1 0 0 0 0 7 2 6 s 1066.406425109 2.052e-04 6
0 0 0 0 0 0 13 9 5 s 1070.766570066 1.142e-03 16
0 0 0 0 0 0 13 9 4 s 1070.783082833 2.390e-03 17
0 0 0 0 0 0 13 9 5 a 1070.870835365 2.428e-03 17
0 0 0 0 0 0 13 9 4 a 1070.884576137 9.475e-04 15
0 1 0 0 0 0 7 1 6 a 1074.828006840 2.048e-04 5
0 1 0 0 0 0 7 2 6 a 1074.959520821 3.039e-04 5
0 1 0 0 0 0 6 5 2 s 1076.785120635 2.944e-04 2
0 1 0 0 0 0 6 5 1 s 1076.833354214 2.040e-04 1
0 0 0 0 0 0 14 5 9 s 1080.468164360 9.626e-04 16
0 0 0 0 0 0 14 5 9 a 1080.564635364 2.984e-03 17
0 0 0 0 0 0 14 6 9 s 1083.670818354 2.876e-03 20
0 0 0 0 0 0 14 6 9 a 1083.756365350 8.372e-04 18
0 1 0 0 0 0 6 5 2 a 1084.851389900 2.040e-04 2
0 1 0 0 0 0 6 5 1 a 1084.905883672 2.943e-04 2
0 1 0 0 0 0 7 2 5 s 1090.663542144 4.537e-04 4
0 1 0 0 0 0 7 3 5 s 1092.996444866 2.048e-04 5
0 1 0 0 0 0 8 0 8 s 1095.949273800 2.080e-04 1
0 1 0 0 0 0 8 1 8 s 1095.950153628 2.900e-04 1
0 1 0 0 0 0 7 2 5 a 1098.761953953 2.052e-04 5
0 1 0 0 0 0 7 3 5 a 1100.552571383 5.475e-04 2
0 1 0 0 0 0 8 1 8 a 1105.627483480 2.705e-04 2
0 1 0 0 0 0 7 3 4 s 1106.527147380 3.357e-04 2
0 0 0 0 0 0 14 6 8 s 1107.438805769 1.026e-03 18
0 0 0 0 0 0 14 6 8 a 1107.533248767 2.800e-03 14
0 1 0 0 0 0 6 6 1 s 1107.991800163 2.688e-04 2
0 1 0 0 0 0 6 6 0 s 1107.992616632 1.071e-04 1
0 1 0 0 0 0 6 8 0 s 1107.993095715 1.071e-04 1
0 1 0 0 0 0 7 3 4 a 1114.167609008 2.588e-04 6
0 0 0 0 0 0 12 12 0 s 1114.688082792 1.306e-03 7
0 0 0 0 0 0 12 12 1 s 1114.688256235 5.004e-02 3
0 0 0 0 0 0 12 12 1 a 1114.758174662 1.498e-03 5
0 0 0 0 0 0 12 12 0 a 1114.759153329 2.000e-03 5
0 1 0 0 0 0 6 6 1 a 1115.654595715 1.071e-04 1
0 1 0 0 0 0 6 8 1 a 1115.654616632 1.071e-04 1
0 1 0 0 0 0 6 8 0 a 1115.655591656 2.372e-04 1
0 1 0 0 0 0 8 6 0 a 1115.655608669 2.372e-04 1
0 1 0 0 0 0 7 4 4 s 1116.665544319 2.064e-04 3
0 1 0 0 0 0 7 4 3 s 1119.682243942 2.967e-04 3
0 0 0 0 0 0 13 10 4 s 1120.288094627 1.145e-03 13
0 0 0 0 0 0 13 10 3 s 1120.291430827 2.561e-03 10
0 0 0 0 0 0 13 10 3 a 1120.377190382 1.135e-03 11
0 0 0 0 0 0 13 10 4 a 1120.377901436 2.488e-03 10
0 0 0 0 0 0 14 7 8 s 1121.073018657 2.859e-03 18
0 0 0 0 0 0 14 7 8 a 1121.144527699 1.131e-03 19
0 0 0 0 0 0 15 3 12 s 1124.103577482 3.219e-03 18
0 0 0 0 0 0 15 4 12 s 1124.109627454 1.450e-03 17
0 0 0 0 0 0 15 3 12 a 1124.217248064 1.388e-03 16
0 0 0 0 0 0 15 4 12 a 1124.226920195 3.301e-03 15
0 1 0 0 0 0 7 4 4 a 1124.998738295 3.212e-04 2
0 1 0 0 0 0 7 4 3 a 1128.200891914 2.052e-04 4
0 0 0 0 0 0 16 1 15 s 1128.357178660 2.136e-03 8
0 0 0 0 0 0 16 2 15 s 1128.359751887 3.957e-03 6
0 0 0 0 0 0 16 2 15 a 1128.536403907 2.239e-03 4
0 0 0 0 0 0 16 1 15 a 1128.538551555 3.891e-03 8
0 0 0 0 0 0 14 7 7 s 1130.017385172 1.013e-03 13
0 0 0 0 0 0 14 7 7 a 1130.099025400 2.846e-03 16
0 1 0 0 0 0 8 1 7 s 1132.865134077 2.212e-04 6
0 1 0 0 0 0 8 2 7 s 1132.923394398 2.655e-03 4
0 1 0 0 0 0 8 1 7 a 1141.435619463 5.457e-04 3
0 1 0 0 0 0 8 2 7 a 1141.477552529 8.108e-04 6
0 1 0 0 0 0 7 5 3 s 1142.071765608 2.050e-04 2
0 1 0 0 0 0 7 5 2 s 1142.337210632 3.353e-04 1
0 1 0 0 0 0 7 5 3 a 1150.029157632 3.349e-04 2
0 1 0 0 0 0 7 5 2 a 1150.328426554 2.049e-04 3
0 0 0 0 0 0 14 8 7 s 1159.332571403 2.734e-03 16
0 0 0 0 0 0 14 8 7 a 1159.388398172 9.544e-04 21
0 0 0 0 0 0 14 8 6 s 1160.942561462 1.022e-03 18
0 0 0 0 0 0 14 8 6 a 1161.003155267 2.742e-03 17
0 1 0 0 0 0 8 2 6 s 1163.062370417 1.852e-04 5
0 1 0 0 0 0 8 3 6 s 1164.073773789 5.823e-04 4
0 1 0 0 0 0 9 0 9 s 1164.813904733 5.244e-03 1
0 1 0 0 0 0 9 1 9 s 1164.814358472 9.053e-04 1
0 1 0 0 0 0 8 2 6 a 1170.930839032 6.111e-04 3
0 1 0 0 0 0 8 3 6 a 1171.725196841 2.604e-04 5
0 1 0 0 0 0 7 6 2 s 1172.873009501 2.053e-04 2
0 1 0 0 0 0 7 6 1 s 1172.881783514 2.964e-04 1
0 1 0 0 0 0 9 1 9 a 1174.659945950 5.487e-03 1
0 1 0 0 0 0 9 0 9 a 1174.661481565 8.794e-04 2
0 0 0 0 0 0 13 11 3 s 1175.327340986 1.367e-03 3
0 0 0 0 0 0 13 11 2 s 1175.328656029 2.390e-03 8
0 0 0 0 0 0 13 11 2 a 1175.405915303 1.151e-03 7
0 0 0 0 0 0 13 11 3 a 1175.407598941 2.431e-03 4
0 0 0 0 0 0 15 4 11 s 1175.791576195 3.308e-03 15
0 0 0 0 0 0 15 4 11 a 1175.887429312 1.120e-03 15
0 0 0 0 0 0 15 5 11 s 1175.925118346 9.955e-04 18
0 0 0 0 0 0 15 5 11 a 1176.024138870 3.237e-03 14
0 1 0 0 0 0 7 6 2 a 1180.470937041 3.351e-04 2
0 1 0 0 0 0 7 8 1 a 1180.481079370 1.103e-04 1
0 1 0 0 0 0 7 6 1 a 1180.481396018 2.053e-04 1
0 0 0 0 0 0 17 1 17 s 1182.343299415 2.897e-03 4
0 0 0 0 0 0 17 0 17 s 1182.344752075 4.891e-03 2
0 0 0 0 0 0 17 1 17 a 1182.586483016 4.484e-03 5
0 1 0 0 0 0 8 3 5 s 1184.107663026 2.068e-04 5
0 1 0 0 0 0 8 4 5 s 1190.801254668 8.924e-04 4
0 1 0 0 0 0 8 3 5 a 1191.699222009 4.486e-04 6
0 1 0 0 0 0 8 4 4 s 1196.550631277 2.623e-04 4
0 0 0 0 0 0 16 2 14 s 1197.148705785 2.189e-03 7
0 0 0 0 0 0 16 3 14 s 1197.150373909 3.638e-03 10
0 0 0 0 0 0 16 3 14 a 1197.290472496 2.076e-03 7
0 0 0 0 0 0 16 2 14 a 1197.291312713 3.564e-03 8
0 1 0 0 0 0 8 4 5 a 1200.354662000 1.754e-04 3
0 0 0 0 0 0 14 9 6 s 1202.297060167 2.846e-03 11
0 0 0 0 0 0 14 9 5 s 1202.330668645 1.108e-03 21
0 0 0 0 0 0 14 9 6 a 1202.472169591 1.029e-03 23
0 0 0 0 0 0 14 9 5 a 1202.508987468 2.844e-03 12
0 1 0 0 0 0 8 4 4 a 1206.366612843 7.018e-04 3
0 1 0 0 0 0 9 1 8 s 1206.786278554 3.789e-03 4
0 1 0 0 0 0 9 2 8 s 1206.805401822 1.057e-03 4
0 1 0 0 0 0 7 7 0 s 1209.614023414 6.496e-04 1
0 1 0 0 0 0 9 1 8 a 1215.361983491 5.425e-04 4
0 1 0 0 0 0 9 2 8 a 1215.377294394 4.932e-03 3
0 1 0 0 0 0 7 7 1 a 1216.756798504 3.771e-04 2
0 1 0 0 0 0 7 7 0 a 1216.757318777 5.215e-04 1
0 1 0 0 0 0 8 5 4 s 1216.978962183 5.703e-04 2
0 1 0 0 0 0 8 5 3 s 1217.995017070 2.068e-04 2
0 0 0 0 0 0 15 5 10 s 1220.022378163 3.152e-03 17
0 0 0 0 0 0 15 5 10 a 1220.108731534 9.989e-04 17
0 0 0 0 0 0 15 6 10 s 1221.468011426 1.120e-03 15
0 0 0 0 0 0 15 6 10 a 1221.553248502 3.197e-03 17
0 1 0 0 0 0 8 5 4 a 1224.792693910 2.068e-04 2
0 1 0 0 0 0 8 5 3 a 1225.920415731 5.826e-04 3
0 0 0 0 1 0 0 0 0 s 1233.373581260 2.700e-04 2
0 0 0 0 0 0 13 12 2 s 1235.518213503 1.472e-03 5
0 0 0 0 0 0 13 12 1 s 1235.518802362 2.487e-03 3
0 0 0 0 0 0 13 12 1 a 1235.587459387 1.320e-03 3
0 0 0 0 0 0 13 12 2 a 1235.589548060 2.396e-03 5
0 0 0 0 1 0 0 0 0 a 1235.888994595 2.054e-04 2
0 1 0 0 0 0 10 0 10 s 1241.006445639 1.154e-03 1
0 1 0 0 0 0 10 1 10 s 1241.007025793 3.408e-03 1
0 1 0 0 0 0 9 2 7 s 1242.402197701 2.885e-03 4
0 0 0 0 1 0 1 0 1 s 1242.458113042 1.056e-04 3
0 1 0 0 0 0 9 3 7 s 1242.788315197 3.044e-04 5
0 0 0 0 1 0 1 1 1 s 1244.773649226 3.371e-04 5
0 0 0 0 1 0 1 0 1 a 1244.972726193 3.278e-04 2
0 0 0 0 1 0 1 1 0 s 1246.412857226 2.352e-04 4
0 1 0 0 0 0 8 6 3 s 1247.325361122 2.263e-03 2
0 0 0 0 1 0 1 1 1 a 1247.337082226 4.922e-04 4
0 1 0 0 0 0 8 6 2 s 1247.384769631 2.065e-04 1
0 0 0 0 1 0 1 1 0 a 1248.967905766 3.149e-04 4
0 1 0 0 0 0 9 2 7 a 1250.084667310 5.659e-04 3
0 1 0 0 0 0 9 3 7 a 1250.384817901 1.403e-03 4
0 1 0 0 0 0 10 0 10 a 1251.050124733 5.244e-03 1
0 1 0 0 0 0 10 1 10 a 1251.051058686 8.886e-04 1
0 0 0 0 0 0 14 10 5 s 1251.175104571 2.726e-03 11
0 0 0 0 0 0 14 10 4 s 1251.176203210 1.068e-03 14
0 0 0 0 0 0 14 10 5 a 1251.259879360 1.098e-03 11
0 0 0 0 0 0 14 10 4 a 1251.263594877 2.712e-03 13
0 0 0 0 0 0 15 6 9 s 1253.541264881 3.175e-03 14
0 0 0 0 0 0 15 6 9 a 1253.625256711 1.164e-03 15
0 1 0 0 0 0 8 6 3 a 1254.830641347 2.064e-04 2
0 1 0 0 0 0 8 6 2 a 1254.897635587 3.554e-04 1
0 0 0 0 0 0 16 3 13 s 1259.939577250 1.589e-03 14
0 0 0 0 0 0 16 4 13 s 1259.943022489 3.560e-03 15
0 0 0 0 1 0 2 0 2 s 1259.965688712 1.031e-03 5
0 0 0 0 0 0 16 3 13 a 1260.055658193 3.619e-03 11
0 0 0 0 0 0 16 4 13 a 1260.055935688 1.509e-03 11
0 0 0 0 1 0 2 1 2 s 1261.232328239 4.545e-04 3
0 0 0 0 0 0 17 2 16 s 1261.909075619 2.784e-03 4
0 0 0 0 0 0 17 1 16 s 1261.910861032 4.470e-03 7
0 0 0 0 0 0 15 7 9 s 1261.928585716 1.054e-03 18
0 0 0 0 0 0 15 7 9 a 1262.001772862 3.075e-03 15
0 0 0 0 0 0 17 1 16 a 1262.093305098 2.839e-03 4
0 0 0 0 0 0 17 2 16 a 1262.094681179 4.328e-03 3
0 0 0 0 1 0 2 0 2 a 1262.467008454 1.239e-04 4
0 0 0 0 1 0 2 1 2 a 1263.661303970 2.194e-04 5
0 0 0 0 1 0 2 1 1 s 1266.423899352 1.692e-04 6
0 0 0 0 1 0 2 1 1 a 1268.831413799 3.352e-04 4
0 1 0 0 0 0 9 3 6 s 1269.650258005 1.723e-03 3
0 0 0 0 1 0 2 2 1 s 1273.292341396 3.072e-04 3
0 1 0 0 0 0 9 4 6 s 1273.353913673 2.722e-04 5
0 0 0 0 1 0 2 2 0 s 1273.879638542 1.004e-04 5
0 0 0 0 1 0 2 2 1 a 1275.776900069 3.562e-04 6
0 0 0 0 1 0 2 2 0 a 1276.373269049 1.207e-04 4
0 1 0 0 0 0 9 3 6 a 1276.957985885 2.312e-04 5
0 0 0 0 0 0 15 7 8 s 1277.687755885 3.083e-03 16
0 0 0 0 0 0 15 7 8 a 1277.765489707 1.054e-03 17
0 1 0 0 0 0 9 4 6 a 1279.960924387 2.542e-03 4
0 0 0 0 1 0 3 0 3 s 1285.032683864 3.140e-04 5
0 0 0 0 1 0 3 1 3 s 1285.549728242 3.148e-04 5
0 0 0 0 1 0 3 0 3 a 1287.512789175 2.957e-04 5
0 1 0 0 0 0 9 4 5 s 1287.875380765 7.947e-04 4
0 0 0 0 1 0 3 1 3 a 1287.995243727 3.846e-04 4
0 1 0 0 0 0 10 1 9 s 1288.018984924 5.813e-04 4
0 1 0 0 0 0 10 2 9 s 1288.025742024 2.944e-03 2
0 1 0 0 0 0 8 7 2 a 1290.748473613 2.124e-03 3
0 1 0 0 0 0 8 7 1 a 1290.749711550 3.165e-04 2
0 1 0 0 0 0 9 4 5 a 1294.738195541 2.086e-04 3
0 0 0 0 1 0 3 1 2 s 1295.691892059 3.298e-04 4
0 1 0 0 0 0 10 1 9 a 1296.617784427 5.145e-03 3
0 1 0 0 0 0 10 2 9 a 1296.624616377 1.152e-03 3
0 0 0 0 1 0 3 1 2 a 1298.087910895 1.010e-04 6
0 0 0 0 0 0 13 13 1 s 1300.566083662 5.003e-02 3
0 0 0 0 0 0 13 13 0 s 1300.567093895 2.287e-03 3
0 0 0 0 1 0 3 2 2 s 1300.585056385 1.787e-04 8
0 0 0 0 0 0 13 13 0 a 1300.628243259 1.701e-03 3
0 0 0 0 0 0 13 13 1 a 1300.634067722 7.075e-02 3
0 0 0 0 0 0 15 8 8 s 1301.069291708 1.164e-03 19
0 0 0 0 0 0 15 8 8 a 1301.127705883 3.175e-03 15
0 1 0 0 0 0 9 5 5 s 1301.321507463 2.084e-04 4
0 0 0 0 1 0 3 2 2 a 1302.566921199 5.431e-04 3
0 0 0 0 1 0 3 2 1 s 1303.742087975 3.753e-04 4
0 1 0 0 0 0 9 5 4 s 1304.135350612 1.204e-03 1
0 0 0 0 0 0 15 8 7 s 1305.135038950 3.156e-03 13
0 0 0 0 0 0 15 8 7 a 1305.194600664 1.149e-03 19
0 0 0 0 1 0 3 2 1 a 1305.751609917 2.764e-04 6
0 0 0 0 0 0 14 11 3 s 1305.776283650 1.426e-03 6
0 0 0 0 0 0 14 11 4 s 1305.777550680 2.797e-03 7
0 0 0 0 0 0 14 11 4 a 1305.853621742 1.430e-03 6
0 0 0 0 0 0 14 11 3 a 1305.856055237 2.891e-03 8
0 1 0 0 0 0 9 5 5 a 1309.204901887 1.195e-03 3
0 1 0 0 0 0 9 5 4 a 1312.269388620 2.084e-04 4
0 0 0 0 0 0 16 4 12 s 1316.514835688 1.500e-03 14
0 0 0 0 0 0 16 5 12 s 1316.564931828 3.545e-03 18
0 0 0 0 0 0 16 4 12 a 1316.611242738 3.483e-03 15
0 0 0 0 1 0 3 3 1 s 1316.641870129 1.585e-04 6
0 0 0 0 0 0 16 5 12 a 1316.657661458 1.589e-03 12
0 0 0 0 1 0 3 3 0 s 1316.774717378 2.468e-04 5
0 0 0 0 1 0 4 0 4 s 1317.309652970 1.034e-04 5
0 0 0 0 1 0 4 1 4 s 1317.483746662 3.632e-04 5
0 0 0 0 0 0 18 0 18 s 1318.335408415 1.057e-02 1
0 0 0 0 0 0 18 1 18 s 1318.336946550 6.732e-03 1
0 0 0 0 0 0 18 0 18 a 1318.590313016 4.963e-03 1
0 0 0 0 1 0 3 3 1 a 1319.069375659 1.011e-04 4
0 0 0 0 1 0 3 3 0 a 1319.208485078 4.163e-04 5
0 0 0 0 1 0 4 0 4 a 1319.771031805 4.786e-04 2
0 0 0 0 1 0 4 1 4 a 1319.930415335 3.342e-04 4
0 1 0 0 0 0 11 1 11 s 1324.508268184 7.565e-04 1
0 1 0 0 0 0 11 0 11 s 1324.509617484 2.806e-03 1
0 1 0 0 0 0 8 8 0 s 1325.846160366 5.324e-04 1
0 1 0 0 0 0 10 2 8 s 1328.813108997 5.532e-03 4
0 1 0 0 0 0 10 3 8 s 1328.954924326 2.751e-03 3
0 1 0 0 0 0 9 6 4 s 1331.452853387 2.087e-04 2
0 1 0 0 0 0 9 6 3 s 1331.707680757 2.615e-03 1
0 1 0 0 0 0 8 8 0 a 1332.438573195 6.830e-04 1
0 0 0 0 1 0 4 1 3 s 1333.555250116 4.017e-04 7
0 1 0 0 0 0 11 0 11 a 1334.783042384 8.057e-04 2
0 0 0 0 0 0 17 3 15 s 1335.494930136 2.298e-03 4
0 0 0 0 0 0 17 2 15 s 1335.496208729 4.204e-03 8
0 0 0 0 0 0 17 2 15 a 1335.637807771 2.245e-03 10
0 0 0 0 0 0 17 3 15 a 1335.639234521 3.905e-03 3
0 0 0 0 1 0 4 1 3 a 1335.900970303 4.550e-04 5
0 1 0 0 0 0 10 2 8 a 1336.374695057 3.820e-03 3
0 0 0 0 1 0 4 2 3 s 1336.392354941 1.701e-04 5
0 1 0 0 0 0 10 3 8 a 1336.474788166 3.316e-04 3
0 0 0 0 1 0 4 2 3 a 1338.571983915 7.553e-04 5
0 1 0 0 0 0 9 6 4 a 1338.822356166 7.010e-03 3
0 1 0 0 0 0 9 6 3 a 1339.119980126 2.086e-04 1
0 0 0 0 1 0 4 2 2 s 1343.278062678 1.956e-04 6
0 0 0 0 0 0 15 9 7 s 1343.507874399 1.068e-03 13
0 0 0 0 0 0 15 9 7 a 1343.549224684 3.042e-03 16
0 0 0 0 0 0 15 9 6 s 1344.036778705 3.057e-03 15
0 0 0 0 0 0 15 9 6 a 1344.075270546 1.089e-03 13
0 0 0 0 1 0 4 2 2 a 1345.493204554 1.932e-04 5
0 0 0 0 1 0 4 3 2 s 1353.988871288 2.420e-04 3
0 0 0 0 1 0 4 3 1 s 1354.808922238 1.733e-04 6
0 0 0 0 1 0 4 3 2 a 1356.472737126 3.497e-04 8
0 0 0 0 1 0 5 0 5 s 1356.826038146 6.712e-04 2
0 0 0 0 1 0 5 1 5 s 1356.879934321 2.802e-04 3
0 0 0 0 1 0 4 3 1 a 1357.323864449 1.550e-04 5
0 0 0 0 1 0 5 0 5 a 1359.279787701 3.164e-04 5
0 0 0 0 1 0 5 1 5 a 1359.327005508 2.408e-04 4
0 1 0 0 0 0 10 3 7 s 1362.184677646 3.613e-04 6
0 1 0 0 0 0 10 4 7 s 1363.929127145 4.208e-03 2
0 0 0 0 0 0 14 12 2 s 1365.689501685 1.195e-03 7
0 0 0 0 0 0 14 12 3 s 1365.690938541 2.765e-03 2
0 0 0 0 0 0 14 12 3 a 1365.758042837 1.885e-03 3
0 0 0 0 0 0 14 12 2 a 1365.759502340 2.695e-03 6
0 0 0 0 0 0 16 5 11 s 1366.196312219 1.272e-03 17
0 0 0 0 0 0 16 5 11 a 1366.279830816 3.502e-03 14
0 0 0 0 0 0 16 6 11 s 1366.799751525 3.412e-03 16
0 0 0 0 0 0 16 6 11 a 1366.878401190 1.160e-03 17
0 1 0 0 0 0 9 7 2 s 1367.256076681 1.197e-03 1
0 1 0 0 0 0 10 3 7 a 1369.150153028 2.083e-03 2
0 1 0 0 0 0 10 4 7 a 1370.558371350 3.380e-04 3
0 1 0 0 0 0 9 7 3 a 1374.237483865 1.196e-03 1
0 1 0 0 0 0 9 7 2 a 1374.250089750 6.378e-04 2
0 0 0 0 1 0 4 4 1 s 1375.117050778 1.246e-04 3
0 0 0 0 1 0 4 4 0 s 1375.139341159 1.030e-04 5
0 1 0 0 0 0 11 2 10 s 1376.557479860 4.030e-04 4
0 0 0 0 1 0 4 4 1 a 1377.484551419 1.177e-04 5
0 0 0 0 1 0 4 4 0 a 1377.508947524 1.436e-04 3
0 0 0 0 1 0 5 1 4 s 1379.023106950 5.334e-04 7
0 0 0 0 1 0 5 2 4 s 1380.334553436 1.052e-04 5
0 0 0 0 1 0 5 1 4 a 1381.288374490 6.029e-04 4
0 0 0 0 1 0 5 2 4 a 1382.504619734 2.598e-04 5
0 1 0 0 0 0 11 1 10 a 1385.210864146 7.692e-04 2
0 1 0 0 0 0 10 4 6 s 1385.435858341 9.995e-04 2
0 0 0 0 0 0 15 10 6 s 1391.633598472 1.244e-03 12
0 0 0 0 0 0 15 10 5 s 1391.646182797 3.151e-03 12
0 0 0 0 0 0 15 10 6 a 1391.727273525 3.113e-03 14
0 0 0 0 0 0 15 10 5 a 1391.736886034 1.173e-03 17
0 1 0 0 0 0 10 4 6 a 1392.212471132 1.493e-03 2
0 0 0 0 1 0 5 2 3 s 1392.747337541 3.040e-04 5
0 1 0 0 0 0 10 5 6 s 1394.660939308 1.610e-03 2
0 0 0 0 1 0 5 2 3 a 1394.941982908 1.458e-04 5
0 1 0 0 0 0 10 5 5 s 1399.618479397 9.995e-04 1
0 0 0 0 1 0 5 3 3 s 1400.483908769 1.101e-04 8
0 0 0 0 1 0 5 3 3 a 1402.206290846 2.731e-04 4
0 0 0 0 0 0 18 2 17 s 1402.750611877 4.938e-03 4
0 0 0 0 0 0 18 2 17 a 1402.938959571 3.511e-03 3
0 0 0 0 0 0 18 1 17 a 1402.940150056 4.757e-03 2
0 0 0 0 0 0 17 4 14 s 1403.058320854 2.189e-03 9
0 0 0 0 0 0 17 3 14 s 1403.058613724 3.812e-03 9
0 0 0 0 0 0 17 3 14 a 1403.170830168 2.121e-03 8
0 0 0 0 0 0 17 4 14 a 1403.172758880 3.869e-03 6
0 0 0 0 1 0 6 0 6 s 1403.646862602 2.711e-04 2
0 0 0 0 1 0 6 1 6 s 1403.661958008 9.406e-04 3
0 1 0 0 0 0 10 5 6 a 1404.315682399 2.105e-04 3
0 0 0 0 1 0 5 3 2 s 1404.343498346 1.867e-04 4
0 0 0 0 1 0 6 0 6 a 1406.097393260 7.801e-04 3
0 0 0 0 1 0 6 1 6 a 1406.112289402 2.893e-04 3
0 0 0 0 1 0 5 3 2 a 1406.142513623 1.454e-04 6
0 0 0 0 0 0 16 6 10 s 1406.563776817 1.178e-03 14
0 0 0 0 0 0 16 6 10 a 1406.643426460 3.392e-03 13
0 1 0 0 0 0 9 8 1 s 1409.055449695 8.196e-03 1
0 1 0 0 0 0 9 8 2 s 1409.056627498 4.582e-04 1
0 1 0 0 0 0 10 5 5 a 1409.659675744 1.265e-03 2
0 0 0 0 0 0 16 7 10 s 1411.077896911 3.494e-03 12
0 0 0 0 0 0 16 7 10 a 1411.144721148 1.277e-03 12
0 1 0 0 0 0 12 1 12 s 1415.307741078 3.315e-03 1
0 1 0 0 0 0 9 8 2 a 1415.593201895 1.372e-03 1
0 1 0 0 0 0 9 8 1 a 1415.594614847 7.101e-04 1
0 0 0 0 1 0 5 4 2 s 1421.988242322 1.549e-04 7
0 0 0 0 1 0 5 4 1 s 1422.179663727 3.002e-04 4
0 1 0 0 0 0 11 2 9 s 1422.434807361 2.919e-03 3
0 1 0 0 0 0 11 3 9 s 1422.479558828 4.315e-04 4
0 0 0 0 1 0 5 4 2 a 1424.332650039 8.700e-04 4
0 0 0 0 1 0 5 4 1 a 1424.537493759 1.050e-04 7
0 1 0 0 0 0 10 6 5 s 1425.277964879 1.600e-03 2
0 1 0 0 0 0 12 1 12 a 1425.842415099 1.580e-03 1
0 1 0 0 0 0 10 6 4 s 1426.192400446 1.195e-04 1
0 1 0 0 0 0 11 2 9 a 1429.886749249 8.436e-04 3
0 1 0 0 0 0 11 3 9 a 1429.923344185 2.711e-03 3
0 0 0 0 0 0 14 13 1 s 1430.570187574 1.570e-03 4
0 0 0 0 0 0 14 13 2 s 1430.572183932 2.821e-03 4
0 0 0 0 0 0 14 13 2 a 1430.630990034 1.600e-03 6
0 0 0 0 1 0 6 1 5 s 1431.566088030 2.685e-04 5
0 0 0 0 1 0 6 2 5 s 1432.072621671 3.927e-04 4
0 1 0 0 0 0 10 6 5 a 1432.486025189 9.983e-04 1
0 1 0 0 0 0 10 6 4 a 1433.534327428 1.778e-03 3
0 0 0 0 1 0 6 1 5 a 1433.746840416 2.107e-04 5
0 0 0 0 1 0 6 2 5 a 1434.207989069 5.335e-04 6
0 0 0 0 0 0 16 7 9 s 1435.124233815 1.285e-03 14
0 0 0 0 0 0 16 7 9 a 1435.202224507 3.465e-03 13
0 0 0 0 0 0 15 11 5 s 1445.670269795 1.470e-03 12
0 0 0 0 0 0 15 11 4 s 1445.672818844 3.034e-03 7
0 0 0 0 0 0 15 11 4 a 1445.746243528 1.184e-03 9
0 0 0 0 0 0 15 11 5 a 1445.747108776 3.021e-03 7
0 0 0 0 1 0 5 5 1 s 1448.788905398 3.417e-04 3
0 0 0 0 1 0 5 5 0 s 1448.791138309 2.306e-04 3
0 0 0 0 1 0 6 2 4 s 1450.992902469 1.240e-04 5
0 0 0 0 1 0 5 5 1 a 1451.082062161 1.065e-04 1
0 0 0 0 1 0 5 5 0 a 1451.084833743 3.850e-04 4
0 0 0 0 0 0 16 8 9 s 1452.036975505 3.362e-03 15
0 0 0 0 0 0 16 8 9 a 1452.090610814 1.178e-03 16
0 0 0 0 1 0 6 2 4 a 1453.105040874 4.301e-04 4
0 0 0 0 1 0 6 3 4 s 1455.718236017 4.935e-04 3
0 0 0 0 1 0 6 3 4 a 1457.550224655 1.221e-04 5
0 0 0 0 1 0 7 1 7 s 1457.796830313 6.436e-04 3
0 0 0 0 1 0 7 0 7 a 1460.251441426 4.971e-04 3
0 1 0 0 0 0 10 7 4 s 1460.439797249 1.246e-03 2
0 1 0 0 0 0 10 7 3 s 1460.494426321 2.106e-04 1
0 0 0 0 0 0 16 8 8 s 1460.629923158 1.195e-03 13
0 0 0 0 0 0 16 8 8 a 1460.692159972 3.588e-03 12
0 1 0 0 0 0 11 3 8 s 1461.464640203 1.598e-03 2
0 0 0 0 0 1 0 0 0 s 1461.792372782 1.011e-04 1
0 0 0 0 0 1 0 0 0 a 1462.008619752 1.025e-04 1
0 1 0 0 0 0 11 4 8 s 1462.187311588 8.413e-04 4
0 1 0 0 0 0 9 9 0 a 1462.615257680 1.710e-02 2
0 0 0 0 1 0 6 3 3 s 1463.756536013 2.858e-04 6
0 0 0 0 0 0 17 4 13 s 1464.448698815 3.801e-03 12
0 0 0 0 0 0 17 5 13 s 1464.463381297 1.641e-03 14
0 0 0 0 0 0 17 4 13 a 1464.538263890 1.717e-03 15
0 0 0 0 0 0 17 5 13 a 1464.558375065 3.850e-03 12
0 0 0 0 1 0 6 3 3 a 1465.704942289 2.380e-04 3
0 1 0 0 0 0 10 7 4 a 1467.311186685 3.860e-04 2
0 1 0 0 0 0 11 3 8 a 1468.139346244 2.593e-04 3
0 1 0 0 0 0 11 4 8 a 1468.712927447 2.681e-03 3
0 0 0 0 0 1 1 0 1 s 1471.035461531 1.000e-04 2
0 0 0 0 0 1 1 0 1 a 1471.327478399 4.062e-04 2
0 1 0 0 0 0 12 1 11 s 1472.389769473 7.859e-04 2
0 1 0 0 0 0 12 2 11 s 1472.391094784 3.118e-03 1
0 0 0 0 0 1 1 1 1 s 1473.040102063 1.907e-04 2
0 0 0 0 0 1 1 1 1 a 1473.230318147 1.569e-04 2
0 0 0 0 0 1 1 1 0 s 1474.720939306 1.542e-04 2
0 0 0 0 0 1 1 1 0 a 1475.000130606 3.749e-04 2
0 0 0 0 1 0 6 4 3 s 1478.447382349 2.377e-04 2
0 0 0 0 1 0 6 4 2 s 1479.237234214 1.066e-04 4
0 0 0 0 1 0 6 4 3 a 1480.959744834 2.072e-04 2
0 1 0 0 0 0 12 2 11 a 1481.118886717 7.295e-04 1
0 1 0 0 0 0 12 1 11 a 1481.119885659 3.185e-03 2
0 0 0 0 0 0 18 2 16 s 1481.122308010 2.934e-03 2
0 0 0 0 0 0 18 3 16 s 1481.123714488 4.605e-03 4
0 0 0 0 0 0 18 3 16 a 1481.267089771 2.897e-03 1
0 0 0 0 0 0 18 2 16 a 1481.268321288 4.235e-03 6
0 0 0 0 1 0 6 4 2 a 1481.805627857 6.379e-04 4
0 0 0 0 0 1 2 0 2 s 1488.813527873 1.099e-04 2
0 0 0 0 0 1 2 0 2 a 1489.186237737 1.025e-04 2
0 0 0 0 0 1 2 1 2 s 1489.860457906 1.006e-04 3
0 0 0 0 0 1 2 1 2 a 1490.250291340 1.005e-04 2
0 1 0 0 0 0 11 4 7 s 1491.100548992 2.886e-03 2
0 0 0 0 1 0 7 1 6 s 1491.186108987 7.356e-04 3
0 0 0 0 1 0 7 2 6 s 1491.360975105 3.809e-04 3
0 0 0 0 1 0 7 1 6 a 1493.298804840 3.638e-04 5
0 0 0 0 1 0 7 2 6 a 1493.454357793 5.044e-04 4
0 0 0 0 0 0 16 9 8 s 1494.372394478 3.431e-03 14
0 0 0 0 0 0 16 9 8 a 1494.410669860 1.293e-03 14
0 0 0 0 0 1 2 1 1 s 1494.890832090 1.236e-04 2
0 0 0 0 0 1 2 1 1 a 1495.457332810 3.010e-04 3
0 0 0 0 0 0 16 9 7 s 1495.886018928 1.295e-03 14
0 0 0 0 0 0 16 9 7 a 1495.929496341 3.455e-03 11
0 1 0 0 0 0 11 5 7 s 1496.515083054 5.518e-04 3
0 1 0 0 0 0 11 4 7 a 1497.539385299 4.726e-04 2
0 0 0 0 0 0 14 14 0 s 1500.131912782 2.028e-03 4
0 0 0 0 0 0 14 14 1 s 1500.137830722 1.000e-01 1
0 0 0 0 0 0 14 14 1 a 1500.183593661 7.074e-02 2
0 0 0 0 0 0 14 14 0 a 1500.184850539 2.731e-03 4
0 0 0 0 0 1 2 2 1 s 1500.893853807 1.012e-04 2
0 0 0 0 0 1 2 2 1 a 1501.127149080 1.011e-04 2
0 0 0 0 0 1 2 2 0 s 1501.598613094 1.012e-04 2
0 1 0 0 0 0 10 8 3 s 1501.753371895 1.372e-03 1
0 0 0 0 0 1 2 2 0 a 1501.909522842 1.123e-04 2
0 1 0 0 0 0 11 5 7 a 1502.076002856 2.653e-03 1
0 0 0 0 1 0 6 5 2 s 1504.962078672 2.715e-04 2
0 0 0 0 1 0 6 5 1 s 1504.993171338 1.974e-04 3
0 0 0 0 0 0 15 12 4 s 1505.212923727 1.519e-03 4
0 0 0 0 0 0 15 12 3 s 1505.214635950 3.120e-03 8
0 0 0 0 0 0 15 12 3 a 1505.280072253 1.519e-03 5
0 0 0 0 0 0 15 12 4 a 1505.281859348 3.121e-03 6
0 0 0 0 1 0 6 5 2 a 1507.223326301 1.553e-04 3
0 0 0 0 1 0 6 5 1 a 1507.259378672 2.783e-04 2
0 1 0 0 0 0 10 8 3 a 1508.197271882 1.059e-03 1
0 1 0 0 0 0 10 8 2 a 1508.199801895 1.372e-03 1
0 1 0 0 0 0 11 5 6 s 1511.566319676 2.626e-03 2
0 1 0 0 0 0 13 1 13 s 1513.382056433 1.757e-03 1
0 0 0 0 0 1 3 0 3 s 1514.262777629 4.563e-04 2
0 0 0 0 0 1 3 1 3 s 1514.356342410 5.380e-04 3
0 0 0 0 0 1 3 0 3 a 1514.724627130 1.870e-04 2
0 0 0 0 0 1 3 1 3 a 1515.552632140 1.833e-04 2
0 0 0 0 1 0 7 2 5 s 1516.896910524 4.069e-04 4
0 1 0 0 0 0 11 5 6 a 1517.553343756 4.363e-03 2
0 0 0 0 1 0 7 2 5 a 1518.877331176 2.871e-04 4
0 0 0 0 0 0 17 5 12 s 1519.239444028 3.713e-03 13
0 0 0 0 1 0 8 1 8 s 1519.266453628 2.900e-04 1
0 0 0 0 1 0 8 0 8 s 1519.269478036 5.716e-04 3
0 0 0 0 1 0 7 3 5 s 1519.277799575 2.153e-04 3
0 0 0 0 0 0 17 5 12 a 1519.315784024 1.630e-03 12
0 0 0 0 0 0 17 6 12 s 1519.474938834 1.717e-03 11
0 0 0 0 0 0 17 6 12 a 1519.552215227 3.839e-03 11
0 0 0 0 1 0 7 3 5 a 1521.082130111 5.510e-04 2
0 0 0 0 1 0 8 1 8 a 1521.737775144 4.046e-04 3
0 1 0 0 0 0 12 2 10 s 1523.292556153 3.245e-04 3
0 1 0 0 0 0 12 3 10 s 1523.309508701 2.881e-03 2
0 1 0 0 0 0 13 1 13 a 1524.216198159 3.857e-03 1
0 0 0 0 0 1 3 1 2 s 1524.544539523 1.018e-04 3
0 0 0 0 0 1 3 1 2 a 1525.425909030 1.011e-04 3
0 0 0 0 0 1 3 2 2 s 1528.267982232 1.382e-04 3
0 1 0 0 0 0 11 6 6 s 1528.625488402 2.310e-03 2
0 1 0 0 0 0 12 2 10 a 1530.676145904 2.983e-03 2
0 1 0 0 0 0 12 3 10 a 1530.685653115 5.040e-04 3
0 1 0 0 0 0 11 8 5 s 1531.047561665 2.621e-03 1
0 0 0 0 0 1 3 2 1 s 1531.816336455 1.339e-04 3
0 0 0 0 0 1 3 2 1 a 1533.009949945 1.578e-04 3
0 0 0 0 1 0 7 3 4 a 1535.277328460 5.223e-04 5
0 1 0 0 0 0 11 6 6 a 1536.009994170 2.620e-03 1
0 0 0 0 1 0 6 6 0 s 1537.602056174 4.685e-04 2
0 1 0 0 0 0 11 6 5 a 1538.726699844 1.282e-03 2
0 0 0 0 1 0 6 6 1 a 1539.805956174 1.082e-03 2
0 0 0 0 0 0 16 10 7 s 1541.711201928 3.322e-03 10
0 0 0 0 0 0 16 10 6 s 1541.732002648 1.191e-03 17
0 0 0 0 0 0 16 10 7 a 1541.879779427 1.219e-03 12
0 0 0 0 0 0 16 10 6 a 1541.904121895 3.344e-03 9
0 0 0 0 0 1 3 3 1 s 1543.182412635 1.033e-04 3
0 0 0 0 0 1 3 3 0 s 1543.357197816 1.782e-04 3
0 0 0 0 0 1 3 3 1 a 1543.484174629 1.030e-04 2
0 0 0 0 0 1 3 3 0 a 1543.694786626 1.132e-04 2
0 0 0 0 1 0 7 4 4 s 1544.209486957 1.531e-04 5
0 0 0 0 0 1 4 0 4 s 1547.091072787 1.032e-04 2
0 0 0 0 0 1 4 1 4 s 1547.192777028 1.297e-04 2
0 0 0 0 0 1 4 0 4 a 1548.088350502 1.514e-04 2
0 1 0 0 0 0 10 9 1 s 1548.932726390 6.596e-03 1
0 0 0 0 1 0 7 4 3 a 1550.000121899 1.123e-04 2
0 0 0 0 0 0 19 1 18 s 1550.855978877 5.457e-03 2
0 0 0 0 0 0 19 1 18 a 1551.050816571 4.195e-03 1
0 0 0 0 0 0 19 2 18 a 1551.052242550 6.148e-03 2
0 0 0 0 0 0 18 3 15 s 1553.439661232 2.362e-03 7
0 0 0 0 0 0 18 4 15 s 1553.440599037 4.252e-03 5
0 0 0 0 0 0 18 4 15 a 1553.551579518 2.245e-03 6
0 0 0 0 0 0 18 3 15 a 1553.552858243 4.461e-03 6
0 1 0 0 0 0 10 9 1 a 1554.893008437 5.217e-03 1
0 0 0 0 1 0 8 1 7 s 1558.007950670 3.283e-04 4
0 0 0 0 1 0 8 2 7 s 1558.062160613 3.118e-04 2
0 0 0 0 1 0 8 1 7 a 1560.061453668 8.457e-04 4
0 0 0 0 1 0 8 2 7 a 1560.109898674 5.654e-04 4
0 0 0 0 0 1 4 1 3 s 1562.788986699 1.072e-04 2
0 1 0 0 0 0 11 7 5 s 1563.341923672 4.870e-04 1
0 1 0 0 0 0 11 7 4 s 1563.566149374 1.732e-03 1
0 0 0 0 0 1 4 1 3 a 1563.947931383 1.130e-04 3
0 0 0 0 0 1 4 2 3 s 1564.676207540 1.039e-04 3
0 0 0 0 0 0 17 6 11 s 1565.927309905 3.775e-03 9
0 0 0 0 0 0 17 6 11 a 1565.996041493 1.418e-03 13
0 1 0 0 0 0 12 3 9 s 1567.641149203 5.409e-04 2
0 1 0 0 0 0 12 4 9 s 1567.920110045 2.746e-03 3
0 0 0 0 0 0 17 7 11 s 1568.085573919 1.325e-03 12
0 0 0 0 0 0 17 7 11 a 1568.151758169 3.690e-03 11
0 0 0 0 0 0 15 13 3 s 1569.861165837 5.006e-02 2
0 0 0 0 0 0 15 13 2 s 1569.862886803 2.968e-03 4
0 0 0 0 0 0 15 13 2 a 1569.920486548 1.289e-03 5
0 0 0 0 0 0 15 13 3 a 1569.922327395 3.024e-03 3
0 1 0 0 0 0 11 7 5 a 1570.052387292 1.821e-03 2
0 1 0 0 0 0 11 7 4 a 1570.325555698 9.270e-04 1
0 0 0 0 1 0 7 5 3 s 1570.854582560 1.639e-04 3
0 0 0 0 0 1 4 2 2 s 1572.056658789 1.417e-04 3
0 0 0 0 1 0 7 5 3 a 1573.087992501 4.454e-04 2
0 0 0 0 1 0 7 5 2 a 1573.288822130 4.489e-04 3
0 0 0 0 0 1 4 2 2 a 1573.759164961 1.131e-04 3
0 1 0 0 0 0 12 3 9 a 1574.086866676 3.286e-03 2
0 1 0 0 0 0 12 4 9 a 1574.298083359 6.333e-04 2
0 1 0 0 0 0 13 2 12 s 1575.505795605 1.618e-03 1
0 1 0 0 0 0 13 1 12 s 1575.507601078 3.315e-03 1
0 0 0 0 0 1 4 3 2 s 1580.989026128 1.745e-04 5
0 0 0 0 0 1 4 3 1 s 1582.235120791 2.150e-04 2
0 0 0 0 0 1 4 3 1 a 1584.058659239 1.050e-04 1
0 1 0 0 0 0 13 1 12 a 1584.331450761 8.318e-04 1
0 1 0 0 0 0 13 2 12 a 1584.333444239 3.337e-03 2
0 0 0 0 0 1 5 0 5 s 1587.339631779 1.064e-04 2
0 0 0 0 0 1 5 1 5 s 1587.368128580 1.090e-04 2
0 0 0 0 0 1 5 1 5 a 1587.529529870 1.068e-04 1
0 0 0 0 1 0 9 1 9 s 1588.068481142 7.083e-04 2
0 0 0 0 1 0 9 0 9 s 1588.071145329 7.108e-03 2
0 0 0 0 1 0 8 2 6 s 1589.755738300 3.918e-04 4
0 0 0 0 1 0 9 1 9 a 1590.200241146 1.086e-02 1
0 0 0 0 1 0 9 0 9 a 1590.553867527 1.417e-03 3
0 0 0 0 1 0 8 3 6 s 1590.766267408 1.597e-03 3
0 0 0 0 1 0 8 2 6 a 1591.595716822 2.841e-03 4
0 0 0 0 1 0 8 3 6 a 1592.512895024 7.951e-04 5
0 0 0 0 0 0 16 11 6 s 1595.044112417 3.424e-03 10
0 0 0 0 0 0 16 11 5 s 1595.044335889 1.327e-03 12
0 0 0 0 0 0 16 11 6 a 1595.117294931 1.333e-03 9
0 0 0 0 0 0 16 11 5 a 1595.120562090 3.401e-03 8
0 0 0 0 0 1 4 4 1 s 1600.147192494 1.044e-04 2
0 0 0 0 0 1 4 4 0 s 1600.189143028 1.072e-04 2
0 0 0 0 0 1 4 4 1 a 1600.452431400 1.155e-04 2
0 0 0 0 0 1 4 4 0 a 1600.505550424 2.011e-04 2
0 0 0 0 0 0 17 7 10 s 1600.924280472 3.742e-03 7
0 0 0 0 0 0 17 7 10 a 1600.993829655 1.318e-03 12
0 1 0 0 0 0 10 10 1 s 1601.634092320 1.576e-03 1
0 1 0 0 0 0 10 10 0 s 1601.644373900 9.252e-03 1
0 0 0 0 1 0 7 6 1 s 1603.018271004 4.714e-04 2
0 1 0 0 0 0 12 4 8 s 1603.741398468 5.001e-04 1
0 1 0 0 0 0 11 8 3 s 1603.792301196 1.780e-03 1
0 1 0 0 0 0 11 8 4 s 1603.982331951 7.261e-04 2
0 0 0 0 1 0 7 6 2 a 1605.186521004 3.988e-04 2
0 1 0 0 0 0 12 5 8 s 1606.468870020 2.470e-03 1
0 1 0 0 0 0 10 10 0 a 1607.079592320 1.576e-03 1
0 1 0 0 0 0 10 10 1 a 1607.090473900 9.252e-03 1
0 0 0 0 0 1 5 1 4 s 1608.654515094 6.914e-04 2
0 0 0 0 0 1 5 2 4 s 1609.449989148 1.170e-04 2
0 1 0 0 0 0 12 4 8 a 1609.761610338 2.293e-03 2
0 0 0 0 0 1 5 1 4 a 1610.235833733 1.871e-04 2
0 1 0 0 0 0 11 8 4 a 1610.318774404 1.909e-03 1
0 1 0 0 0 0 11 8 3 a 1610.332181951 7.757e-04 2
0 0 0 0 0 0 17 8 10 s 1611.814630583 1.418e-03 14
0 0 0 0 0 0 17 8 10 a 1611.870032828 3.744e-03 11
0 0 0 0 1 0 8 3 5 s 1611.918643923 1.175e-04 2
0 1 0 0 0 0 12 5 8 a 1612.014288310 5.700e-04 1
0 0 0 0 0 0 20 0 20 s 1612.093227363 4.922e-03 2
0 0 0 0 0 0 20 1 20 a 1612.373944363 5.532e-03 2
0 0 0 0 0 0 20 0 20 a 1612.374514550 6.148e-03 1
0 1 0 0 0 0 14 1 14 s 1618.718372153 3.884e-03 1
0 0 0 0 0 0 18 4 14 s 1619.595322601 2.230e-03 8
0 0 0 0 0 0 18 5 14 s 1619.602323305 4.122e-03 7
0 0 0 0 0 0 18 4 14 a 1619.686102977 4.039e-03 7
0 0 0 0 0 0 18 5 14 a 1619.690351922 2.298e-03 9
0 0 0 0 1 0 8 4 5 a 1620.287759889 1.245e-04 2
0 0 0 0 0 1 5 2 3 s 1622.107923178 1.044e-04 3
0 0 0 0 0 1 5 2 3 a 1624.217948452 4.406e-04 3
0 0 0 0 0 0 17 8 9 s 1627.180388377 3.745e-03 10
0 0 0 0 0 0 17 8 9 a 1627.242380894 1.414e-03 11
0 0 0 0 1 0 8 4 4 s 1627.618644692 5.545e-04 2
0 0 0 0 0 1 5 3 3 s 1628.053761523 1.310e-04 3
0 1 0 0 0 0 14 1 14 a 1629.882580840 2.467e-03 1
0 1 0 0 0 0 13 2 11 s 1631.413180466 3.982e-03 2
0 1 0 0 0 0 13 3 11 s 1631.414990704 7.047e-04 3
0 0 0 0 0 1 5 3 2 s 1632.020518010 1.062e-04 3
0 0 0 0 1 0 9 2 8 s 1632.114376820 7.294e-04 5
0 0 0 0 0 0 19 3 17 s 1634.009473044 2.897e-03 2
0 0 0 0 0 0 19 2 17 s 1634.010774959 5.073e-03 3
0 0 0 0 1 0 9 1 8 a 1634.100919794 1.088e-03 4
0 0 0 0 0 0 19 2 17 a 1634.156467689 4.922e-03 2
0 0 0 0 0 0 19 3 17 a 1634.157595582 4.726e-03 2
0 0 0 0 0 1 5 3 2 a 1634.221466767 2.377e-04 1
0 1 0 0 0 0 12 5 7 a 1634.817087371 2.723e-03 1
0 0 0 0 0 1 6 0 6 s 1635.051458119 9.552e-04 2
0 0 0 0 0 1 6 1 6 s 1635.057655177 1.152e-04 2
0 1 0 0 0 0 13 2 11 a 1638.741442322 7.698e-04 1
0 0 0 0 0 0 15 14 2 s 1639.290509532 1.968e-03 3
0 0 0 0 0 0 15 14 1 a 1639.341781862 1.769e-03 5
0 0 0 0 0 0 15 14 2 a 1639.343506037 3.168e-03 2
0 1 0 0 0 0 12 6 7 s 1641.056308578 2.331e-03 1
0 0 0 0 1 0 7 7 1 s 1641.455148720 5.311e-04 1
0 0 0 0 1 0 7 7 0 s 1641.456023414 6.496e-04 1
0 0 0 0 1 0 7 7 0 a 1643.556783749 4.976e-04 2
0 0 0 0 1 0 8 5 3 s 1647.062882831 1.651e-04 3
0 0 0 0 0 1 5 4 1 s 1648.291888246 3.141e-04 2
0 0 0 0 1 0 8 5 4 a 1648.976332181 1.130e-04 3
0 0 0 0 0 1 5 4 2 s 1649.754223588 1.451e-03 2
0 0 0 0 0 1 5 4 1 a 1649.943585635 8.609e-04 2
0 0 0 0 0 1 5 4 2 a 1650.385804149 1.077e-04 1
0 1 0 0 0 0 12 6 6 S 1650.591153648 5.001e-04 1
0 0 0 0 0 0 16 12 4 s 1654.103686300 1.373e-03 4
0 0 0 0 0 0 16 12 5 s 1654.105535875 3.314e-03 4
0 0 0 0 0 0 16 12 5 a 1654.169526537 1.647e-03 5
0 0 0 0 0 0 16 12 4 a 1654.172142974 3.344e-03 4
0 0 0 0 0 0 17 9 9 s 1654.748193213 1.630e-03 13
0 0 0 0 0 0 17 9 9 a 1654.788957864 3.638e-03 9
0 0 0 0 0 0 17 9 8 s 1658.525858533 3.638e-03 10
0 0 0 0 0 0 17 9 8 a 1658.568739305 1.351e-03 12
0 0 0 0 0 1 6 1 5 s 1661.738946319 6.855e-04 2
0 0 0 0 0 1 6 2 5 s 1662.018097031 1.093e-04 3
0 0 0 0 1 0 10 0 10 s 1664.181751845 9.692e-04 2
0 0 0 0 1 0 10 1 10 a 1666.688757806 5.438e-04 1
0 0 0 0 1 0 10 0 10 a 1666.689617484 2.806e-03 1
0 0 0 0 1 0 9 2 7 s 1669.505307668 4.263e-03 2
0 0 0 0 1 0 9 3 7 s 1669.882449895 4.822e-04 2
0 0 0 0 1 0 9 2 7 a 1671.211571659 5.729e-04 2
0 0 0 0 1 0 9 3 7 a 1671.551095218 1.988e-03 4
0 0 0 0 0 1 5 5 1 s 1671.862880076 2.372e-04 2
0 0 0 0 0 1 5 5 0 s 1671.870990867 1.071e-04 2
0 0 0 0 0 1 5 5 1 a 1672.178048001 1.071e-04 2
0 1 0 0 0 0 12 7 6 s 1675.990596010 2.227e-03 1
0 1 0 0 0 0 12 7 5 s 1676.737173756 4.363e-03 1
0 0 0 0 1 0 8 6 2 s 1678.138286100 1.123e-04 2
0 0 0 0 1 0 9 6 2 s 1678.138980126 1.163e-04 1
0 0 0 0 0 0 18 5 13 s 1679.307543686 1.845e-03 10
0 0 0 0 0 0 18 5 13 a 1679.382303413 4.122e-03 5
0 0 0 0 0 0 18 6 13 s 1679.396065894 4.046e-03 12
0 0 0 0 0 0 18 6 13 a 1679.469788259 1.780e-03 10
0 0 0 0 1 0 8 6 3 a 1680.239832979 1.125e-04 2
0 0 0 0 0 1 6 2 4 s 1680.826843942 5.614e-04 3
0 1 0 0 0 0 13 3 10 s 1680.884672220 3.069e-03 2
0 1 0 0 0 0 13 4 10 s 1680.983638419 7.122e-04 2
0 1 0 0 0 0 12 7 6 a 1682.541340994 2.754e-03 2
0 0 0 0 0 1 6 2 4 a 1683.313604222 1.182e-04 3
0 1 0 0 0 0 12 7 5 a 1683.435590067 2.236e-03 1
0 0 0 0 0 1 6 3 4 s 1684.039985536 1.066e-04 3
0 1 0 0 0 0 14 1 13 s 1685.886948887 1.617e-03 2
0 1 0 0 0 0 14 2 13 s 1685.888042617 3.796e-03 1
0 1 0 0 0 0 13 3 10 a 1687.139086182 1.087e-03 1
0 0 0 0 0 1 7 0 7 s 1690.228039917 3.486e-04 2
0 0 0 0 0 1 7 1 7 s 1690.230420443 1.626e-03 1
0 0 0 0 0 1 7 1 7 a 1691.309845078 9.050e-04 1
0 0 0 0 0 1 6 3 3 s 1692.954020459 2.018e-03 2
0 1 0 0 0 0 14 2 13 a 1694.833700040 1.786e-03 1
0 1 0 0 0 0 14 1 13 a 1694.835648159 3.857e-03 1
0 0 0 0 1 0 9 3 6 a 1699.900601813 2.269e-04 3
0 0 0 0 0 0 17 10 8 s 1701.416634525 1.438e-03 10
0 0 0 0 0 0 17 10 8 a 1701.442858517 3.690e-03 9
0 0 0 0 0 0 17 10 7 s 1701.912415898 3.724e-03 10
0 0 0 0 0 0 17 10 7 a 1701.936496582 1.712e-03 8
0 0 0 0 1 0 9 4 6 s 1701.979675326 3.668e-04 3
0 0 0 0 0 1 6 4 3 s 1704.643430429 1.403e-03 3
0 0 0 0 0 1 6 4 2 s 1706.056835538 4.959e-04 2
0 0 0 0 0 0 20 1 19 a 1706.406623527 5.715e-03 1
0 1 0 0 0 0 11 10 1 a 1708.529453296 3.255e-03 1
0 1 0 0 0 0 11 10 2 a 1708.530051013 3.005e-03 1
0 0 0 0 0 1 6 4 3 a 1709.832435635 7.342e-04 2
0 0 0 0 0 0 19 4 16 s 1711.065102577 2.934e-03 2
0 0 0 0 0 0 19 3 16 s 1711.066277900 4.454e-03 3
0 0 0 0 0 0 19 3 16 a 1711.177062374 2.879e-03 3
0 0 0 0 0 0 19 4 16 a 1711.178391719 4.532e-03 4
0 0 0 0 0 0 15 15 0 s 1713.216591393 3.123e-03 4
0 0 0 0 0 0 15 15 0 a 1713.260474162 1.655e-03 4
0 0 0 0 1 0 10 1 9 s 1713.477646602 6.623e-04 2
0 1 0 0 0 0 12 8 5 s 1715.840150073 2.153e-03 1
0 1 0 0 0 0 12 8 4 s 1715.882390233 1.768e-03 1
0 0 0 0 0 0 16 13 3 s 1718.439843895 1.640e-03 4
0 0 0 0 0 0 16 13 4 s 1718.441538686 3.468e-03 4
0 0 0 0 0 0 16 13 4 a 1718.497821013 1.640e-03 3
0 0 0 0 0 0 16 13 3 a 1718.500255528 3.423e-03 3
0 0 0 0 1 0 9 4 5 a 1718.803278810 1.192e-04 2
0 0 0 0 0 1 7 1 6 s 1722.068057398 7.797e-04 2
0 1 0 0 0 0 12 8 4 a 1722.115307109 2.402e-03 2
0 1 0 0 0 0 13 5 9 s 1724.163274331 6.037e-04 1
0 0 0 0 0 1 6 5 2 s 1728.504659501 1.101e-03 2
0 1 0 0 0 0 13 4 9 a 1728.580963125 8.778e-04 1
0 1 0 0 0 0 15 0 15 s 1731.292403065 3.948e-03 1
0 0 0 0 0 0 18 6 12 s 1731.675762143 1.765e-03 11
0 0 0 0 0 0 18 6 12 a 1731.740368317 4.050e-03 8
0 0 0 0 0 0 18 7 12 s 1732.625691319 4.089e-03 7
0 0 0 0 0 0 18 7 12 a 1732.685815523 1.845e-03 9
0 1 0 0 0 0 15 0 15 a 1742.827867096 2.509e-03 2
0 1 0 0 0 0 14 2 12 s 1746.777559415 1.110e-03 1
0 0 0 0 0 1 7 2 5 s 1747.124144415 2.255e-04 3
0 0 0 0 1 0 11 0 11 s 1747.602737170 4.566e-03 1
0 0 0 0 0 1 7 3 5 s 1748.528206647 2.724e-04 3
0 0 0 0 1 0 11 0 11 a 1750.132696717 7.295e-04 1
0 0 0 0 0 1 8 0 8 s 1752.863479789 2.275e-03 2
0 0 0 0 0 0 17 11 7 s 1753.932744653 1.643e-03 8
0 0 0 0 0 0 17 11 6 s 1753.940313590 3.602e-03 6
0 0 0 0 0 0 17 11 7 a 1754.016319637 3.601e-03 8
0 0 0 0 0 0 17 11 6 a 1754.021908344 1.379e-03 8
0 0 0 0 0 1 6 6 0 a 1758.110185175 1.130e-04 1
0 0 0 0 0 1 6 6 1 s 1758.486881718 1.131e-04 1
0 0 0 0 0 1 6 6 0 s 1758.488008504 8.669e-04 2
0 1 0 0 0 0 13 5 8 a 1760.109835142 1.127e-03 1
0 1 0 0 0 0 11 11 0 s 1760.906960694 1.755e-03 1
0 1 0 0 0 0 12 9 4 s 1761.987037169 2.143e-03 1
0 1 0 0 0 0 12 9 3 s 1761.987263155 1.156e-03 1
0 1 0 0 0 0 13 6 8 s 1762.075517431 8.813e-04 1
0 0 0 0 1 0 9 6 4 s 1763.022031036 5.132e-04 2
0 0 0 0 0 1 7 3 4 s 1763.556369764 1.858e-04 3
0 1 0 0 0 0 11 11 1 a 1765.787794507 2.138e-03 1
0 1 0 0 0 0 12 9 4 a 1767.716775693 3.912e-02 2
0 1 0 0 0 0 12 9 3 a 1767.768545920 2.177e-03 2
0 0 0 0 0 0 18 7 11 s 1773.754052269 1.837e-03 10
0 0 0 0 0 0 18 7 11 a 1773.818247209 4.044e-03 8
0 0 0 0 0 1 7 4 3 s 1775.861565992 3.513e-04 2
0 0 0 0 0 0 18 8 11 s 1779.938225206 3.947e-03 7
0 0 0 0 0 0 18 8 11 a 1779.987644254 1.765e-03 10
0 0 0 0 0 0 19 4 15 s 1781.955172825 4.532e-03 4
0 0 0 0 0 0 19 5 15 s 1781.955864280 2.879e-03 4
0 0 0 0 0 0 19 4 15 a 1782.041376186 2.934e-03 5
0 0 0 0 0 0 19 5 15 a 1782.043987761 4.349e-03 7
0 0 0 0 0 0 16 14 2 s 1787.679626552 1.476e-03 2
0 0 0 0 0 0 16 14 3 s 1787.681711395 3.389e-03 2
0 0 0 0 0 0 16 14 3 a 1787.730155837 7.077e-02 1
0 0 0 0 0 0 16 14 2 a 1787.732113619 3.339e-03 4
0 0 0 0 0 1 8 1 7 s 1789.850081280 2.136e-03 2
0 0 0 0 0 1 8 2 7 s 1789.873338455 2.311e-04 2
0 1 0 0 0 0 11 6 7 a 1793.035113582 2.492e-03 1
0 0 0 0 0 0 20 3 18 s 1794.133896550 5.591e-03 4
0 0 0 0 0 0 20 3 18 a 1794.282704363 4.232e-03 4
0 0 0 0 0 0 20 2 18 a 1794.283508877 6.015e-03 1
0 0 0 0 0 1 7 5 2 s 1795.344483072 1.650e-04 2
0 1 0 0 0 0 13 7 7 s 1798.215230146 1.141e-03 2
0 1 0 0 0 0 14 3 11 s 1801.279555123 1.006e-03 2
0 1 0 0 0 0 14 4 11 s 1801.316075120 3.610e-03 2
0 1 0 0 0 0 15 2 14 s 1803.513937676 2.515e-03 2
0 0 0 0 0 0 18 8 10 s 1803.769320700 1.765e-03 10
0 0 0 0 0 0 18 8 10 a 1803.831304291 3.954e-03 9
0 1 0 0 0 0 13 7 6 a 1807.285709948 1.167e-03 1
0 0 0 0 0 0 17 12 6 s 1812.380614035 1.746e-03 5
0 0 0 0 0 0 17 12 5 s 1812.382246029 3.685e-03 6
0 0 0 0 0 0 17 12 5 a 1812.445361046 1.467e-03 5
0 0 0 0 0 0 17 12 6 a 1812.446356120 3.750e-03 5
0 1 0 0 0 0 15 2 14 a 1812.609427066 3.967e-03 1
0 1 0 0 0 0 12 10 2 s 1814.029567164 1.021e-03 1
0 1 0 0 0 0 12 10 2 a 1819.447204863 2.568e-03 1
0 0 0 0 0 1 8 2 6 s 1820.482133186 1.699e-03 2
0 0 0 0 0 1 8 3 6 s 1821.012395222 7.122e-04 2
0 0 0 0 0 0 18 9 10 s 1824.370717692 3.979e-03 8
0 0 0 0 0 0 18 9 10 a 1824.408465031 1.837e-03 8
0 0 0 0 0 0 18 9 9 s 1832.411148702 1.837e-03 7
0 0 0 0 0 0 18 9 9 a 1832.458646299 4.002e-03 8
0 1 0 0 0 0 13 8 6 s 1837.411072939 1.167e-03 1
0 0 0 0 0 1 8 3 5 s 1842.634552152 6.436e-04 2
0 1 0 0 0 0 13 8 6 a 1843.436922986 2.540e-03 1
0 1 0 0 0 0 13 8 5 a 1843.654016094 1.167e-03 1
0 0 0 0 0 0 19 5 14 s 1846.479243255 4.440e-03 5
0 0 0 0 0 0 19 6 14 s 1846.510881182 2.408e-03 7
0 0 0 0 0 0 19 5 14 a 1846.548336942 2.343e-03 5
0 0 0 0 0 0 19 6 14 a 1846.581869056 4.502e-03 7
0 0 0 0 0 1 8 4 5 s 1847.205630927 1.130e-04 3
0 1 0 0 0 0 14 4 10 s 1848.839576816 7.404e-04 1
0 1 0 0 0 0 14 5 10 s 1849.337668152 3.048e-03 1
0 0 0 0 0 1 8 4 5 a 1854.023770322 1.693e-03 2
0 0 0 0 0 1 7 7 0 s 1859.708016791 7.564e-04 2
0 0 0 0 0 0 16 15 1 s 1861.509278862 2.129e-03 1
0 0 0 0 0 0 16 15 2 s 1861.511644484 3.476e-03 3
0 0 0 0 0 0 16 15 2 a 1861.553705931 3.644e-03 1
0 0 0 0 0 0 16 15 1 a 1861.555410950 3.475e-03 1
0 0 0 0 0 0 21 2 20 s 1868.767940363 6.163e-03 2
0 1 0 0 0 0 15 3 13 s 1869.385961256 1.856e-03 1
0 1 0 0 0 0 15 2 13 s 1869.392957482 3.542e-03 1
0 0 0 0 0 0 18 10 9 s 1870.727128015 3.955e-03 4
0 0 0 0 0 0 18 10 9 a 1870.751209506 1.770e-03 7
0 1 0 0 0 0 12 11 1 s 1871.979074662 1.854e-03 1
0 0 0 0 0 0 18 10 8 s 1872.109286945 1.765e-03 6
0 0 0 0 0 0 18 10 8 a 1872.137429003 3.920e-03 8
0 0 0 0 0 1 8 5 3 s 1873.195003605 8.831e-04 2
0 0 0 0 0 0 20 3 17 s 1875.913582015 5.616e-03 2
0 0 0 0 0 0 20 4 17 s 1875.914456527 5.204e-03 2
0 0 0 0 0 0 20 4 17 a 1876.025686846 3.686e-03 1
0 0 0 0 0 0 20 3 17 a 1876.026669839 5.009e-03 3
0 0 0 0 0 0 17 13 5 s 1876.310786205 1.671e-03 3
0 1 0 0 0 0 12 11 1 a 1876.364994507 2.138e-03 1
0 0 0 0 0 0 17 13 4 a 1876.367840648 1.671e-03 1
0 0 0 0 0 0 17 13 5 a 1876.369041649 3.650e-03 3
0 1 0 0 0 0 14 5 9 s 1887.238549524 9.302e-04 1
0 1 0 0 0 0 14 6 9 s 1891.262392846 3.513e-03 1
0 0 0 0 0 0 19 6 13 s 1904.082254298 4.351e-03 6
0 0 0 0 0 0 19 6 13 a 1904.139931692 2.398e-03 7
0 0 0 0 0 0 19 7 13 s 1904.473920585 2.343e-03 8
0 0 0 0 0 0 19 7 13 a 1904.531733039 4.355e-03 4
0 0 0 0 0 0 18 11 8 s 1922.371181566 3.963e-03 6
0 0 0 0 0 0 18 11 7 s 1922.380940914 1.837e-03 9
0 0 0 0 0 0 18 11 8 a 1922.528092582 1.837e-03 8
0 0 0 0 0 0 18 11 7 a 1922.540891006 4.002e-03 6
0 1 0 0 0 0 15 4 12 s 1928.874418064 1.786e-03 1
0 1 0 0 0 0 14 7 8 s 1929.581038354 3.254e-03 1
0 1 0 0 0 0 14 7 8 a 1932.692347480 1.152e-03 1
0 1 0 0 0 0 12 12 0 s 1934.225855152 1.545e-03 1
0 1 0 0 0 0 12 12 0 a 1938.549546235 1.987e-03 1
0 1 0 0 0 0 13 10 4 a 1939.641775365 2.765e-03 1
0 1 0 0 0 0 14 7 7 a 1942.486338172 1.165e-03 1
0 0 0 0 0 0 17 14 4 s 1945.292484931 1.775e-03 3
0 0 0 0 0 0 17 14 4 a 1945.343356051 3.750e-03 2
0 0 0 0 0 0 20 4 16 s 1951.508004339 3.550e-03 5
0 0 0 0 0 0 20 5 16 s 1951.509256226 5.009e-03 4
0 0 0 0 0 0 20 5 16 a 1951.593918667 4.345e-03 3
0 0 0 0 0 0 20 4 16 a 1951.594307437 4.744e-03 3
0 0 0 0 0 0 19 7 12 s 1952.827774830 4.270e-03 8
0 0 0 0 0 0 19 7 12 a 1952.882057115 2.343e-03 7
0 0 0 0 0 0 19 8 12 s 1955.954223870 2.398e-03 4
0 0 0 0 0 0 19 8 12 a 1956.003085554 4.291e-03 5
0 1 0 0 0 0 14 8 6 s 1969.293761835 1.065e-03 1
0 0 0 0 0 1 8 8 0 a 1972.925326390 6.596e-03 1
0 0 0 0 0 1 8 8 0 s 1975.688882060 4.919e-03 2
0 0 0 0 0 0 18 12 6 s 1980.068201621 1.806e-03 6
0 0 0 0 0 0 18 12 7 s 1980.068892276 3.920e-03 5
0 0 0 0 0 0 18 12 7 a 1980.131143245 1.806e-03 7
0 0 0 0 0 0 18 12 6 a 1980.132686474 3.920e-03 4
0 1 0 0 0 0 15 5 11 s 1981.819256107 1.026e-03 1
0 0 0 0 0 0 19 8 11 s 1988.992112015 4.312e-03 6
0 0 0 0 0 0 19 8 11 a 1989.046879998 2.398e-03 7
0 0 0 0 0 0 19 9 11 s 2002.842218607 2.343e-03 6
0 0 0 0 0 0 19 9 11 a 2002.880470891 4.261e-03 6
0 0 0 0 0 0 19 9 10 s 2017.470749195 4.332e-03 4
0 0 0 0 0 0 19 9 10 a 2017.517820401 2.343e-03 7
0 1 0 0 0 0 14 9 6 a 2018.687195326 1.167e-03 1
0 0 0 0 0 0 17 15 2 s 2018.977189619 3.807e-03 2
0 0 0 0 0 0 17 15 2 a 2019.018786931 2.351e-03 3
0 0 0 0 0 0 17 15 3 a 2019.020338395 3.851e-03 1
0 0 0 0 0 0 20 5 15 s 2020.775972846 3.032e-03 5
0 0 0 0 0 0 20 6 15 s 2020.788567368 4.744e-03 3
0 0 0 0 0 0 20 5 15 a 2020.843722527 4.744e-03 8
0 0 0 0 0 0 20 6 15 a 2020.854286661 3.550e-03 2
0 0 0 0 0 0 18 13 6 s 2043.481353016 3.997e-03 4
0 0 0 0 0 0 18 13 6 a 2043.535181525 1.873e-03 2
0 0 0 0 0 0 18 13 5 a 2043.536789682 3.997e-03 3
0 0 0 0 0 0 21 4 18 s 2047.961599061 4.922e-03 3
0 0 0 0 0 0 21 3 18 s 2047.961702613 5.715e-03 2
0 0 0 0 0 0 21 4 18 a 2048.074289142 5.535e-03 4
0 0 0 0 0 0 19 10 10 s 2049.518839570 2.398e-03 6
0 0 0 0 0 0 19 10 10 a 2049.545111981 4.291e-03 4
0 0 0 0 0 0 19 10 9 s 2052.936050267 4.312e-03 3
0 0 0 0 0 0 19 10 9 a 2052.964004263 2.398e-03 7
0 1 0 0 0 0 15 7 9 a 2073.029218354 3.254e-03 1
0 0 0 0 0 0 20 6 14 s 2083.351542179 2.978e-03 4
0 0 0 0 0 0 20 6 14 a 2083.406325326 4.672e-03 5
0 0 0 0 0 0 20 7 14 a 2083.560928790 3.021e-03 6
0 1 0 0 0 0 15 7 8 s 2084.450534881 3.473e-03 1
0 1 0 0 0 0 15 7 8 a 2088.619378172 1.165e-03 1
0 0 0 0 0 0 17 16 2 s 2097.053781931 2.984e-03 3
0 0 0 0 0 0 17 16 2 a 2097.092116484 3.927e-03 2
0 0 0 0 0 0 19 11 9 s 2100.363316023 2.343e-03 7
0 0 0 0 0 0 19 11 9 a 2100.377161136 4.236e-03 7
0 0 0 0 0 0 19 11 8 s 2100.813435730 4.332e-03 4
0 0 0 0 0 0 19 11 8 a 2100.825481277 2.343e-03 6
0 1 0 0 0 0 15 8 8 s 2109.677557699 1.406e-03 1
0 0 0 0 0 0 18 14 5 s 2112.124263143 3.920e-03 2
0 0 0 0 0 0 18 14 5 a 2112.171120429 2.239e-03 2
0 0 0 0 0 0 18 14 4 a 2112.172604590 3.922e-03 2
0 1 0 0 0 0 13 13 0 s 2120.574502362 2.776e-03 1
0 0 0 0 0 0 21 4 17 s 2128.238728839 5.535e-03 1
0 0 0 0 0 0 21 4 17 a 2128.321309341 5.026e-03 3
0 0 0 0 0 0 22 3 20 a 2136.146452363 6.809e-03 2
0 0 0 0 0 0 20 7 13 s 2138.055662345 3.021e-03 5
0 0 0 0 0 0 20 7 13 a 2138.104704222 4.689e-03 4
0 0 0 0 0 0 20 8 13 s 2139.503863314 4.661e-03 7
0 0 0 0 0 0 20 8 13 a 2139.547478424 2.978e-03 5
0 0 0 0 0 0 19 12 8 s 2157.193587478 2.398e-03 4
0 0 0 0 0 0 19 12 7 s 2157.196310531 4.276e-03 4
0 0 0 0 0 0 19 12 7 a 2157.266601294 2.398e-03 4
0 0 0 0 0 0 19 12 8 a 2157.266699591 4.276e-03 4
0 1 0 0 0 0 15 9 6 a 2158.797710664 1.322e-03 1
0 0 0 0 0 0 20 8 12 s 2181.423396526 2.978e-03 6
0 0 0 0 0 0 20 8 12 a 2181.473185270 4.672e-03 5
0 0 0 0 0 0 18 15 4 a 2185.640565931 2.351e-03 2
0 0 0 0 0 0 20 9 12 s 2189.705314233 4.689e-03 5
0 0 0 0 0 0 20 9 12 a 2189.739873135 3.021e-03 6
0 0 0 0 0 0 21 5 16 s 2202.201754649 5.206e-03 4
0 0 0 0 0 0 21 6 16 s 2202.204880598 3.675e-03 4
0 0 0 0 0 0 21 5 16 a 2202.264950153 4.232e-03 4
0 0 0 0 0 0 21 6 16 a 2202.269468613 5.204e-03 5
0 0 0 0 0 0 20 9 11 s 2212.838132560 3.021e-03 5
0 0 0 0 0 0 20 9 11 a 2212.886256658 4.709e-03 5
0 0 0 0 0 0 19 13 7 s 2219.957074245 2.387e-03 2
0 0 0 0 0 0 19 13 6 s 2219.957786755 4.332e-03 2
0 0 0 0 0 0 19 13 6 a 2220.011015933 2.387e-03 3
0 0 0 0 0 0 19 13 7 a 2220.011835003 4.332e-03 1
0 0 0 0 0 0 20 10 11 s 2237.552257629 4.639e-03 5
0 0 0 0 0 0 20 10 11 a 2237.576401500 2.978e-03 6
0 0 0 0 0 0 20 10 10 s 2244.882391741 2.978e-03 5
0 0 0 0 0 0 20 10 10 a 2244.914984169 4.672e-03 3
0 0 0 0 0 0 18 16 2 s 2263.573152931 2.984e-03 1
0 0 0 0 0 0 18 16 2 a 2263.610429619 4.339e-03 1
0 1 0 0 0 0 15 11 5 a 2264.233163525 3.399e-03 1
0 0 0 0 0 0 21 6 15 s 2269.597694565 5.204e-03 3
0 0 0 0 0 0 21 6 15 a 2269.647373591 3.686e-03 3
0 0 0 0 0 0 21 7 15 s 2269.656585043 3.639e-03 3
0 0 0 0 0 0 21 7 15 a 2269.707916693 5.206e-03 3
0 0 0 0 0 0 20 11 10 s 2287.891417679 4.689e-03 2
0 0 0 0 0 0 20 11 10 a 2287.903431417 3.021e-03 3
0 0 0 0 0 0 19 14 6 s 2288.166327525 2.438e-03 2
0 0 0 0 0 0 19 14 5 a 2288.212540294 3.675e-03 2
0 0 0 0 0 0 19 14 6 a 2288.215035016 1.088e-02 1
0 0 0 0 0 0 20 11 9 s 2289.118650400 3.021e-03 5
0 0 0 0 0 0 20 11 9 a 2289.134438292 4.709e-03 4
0 0 0 0 0 0 22 5 18 s 2312.121691142 6.098e-03 2
0 0 0 0 0 0 22 4 18 a 2312.203588613 6.264e-03 2
0 0 0 0 0 0 21 7 14 s 2329.700593084 5.140e-03 5
0 0 0 0 0 0 21 7 14 a 2329.742566526 3.639e-03 5
0 0 0 0 0 0 21 8 14 s 2330.329563873 3.675e-03 5
0 0 0 0 0 0 20 12 8 s 2343.778696533 2.978e-03 3
0 0 0 0 0 0 20 12 9 s 2343.779404393 4.639e-03 4
0 0 0 0 0 0 20 12 9 a 2343.920661124 2.978e-03 5
0 0 0 0 0 0 20 12 8 a 2343.922824234 4.639e-03 4
0 0 0 0 0 0 18 17 2 s 2345.744094484 4.445e-03 2
0 0 0 0 0 0 18 17 2 a 2345.772991931 3.644e-03 2
0 0 0 0 0 0 19 15 4 s 2361.366192590 4.334e-03 1
0 0 0 0 0 0 21 8 13 s 2380.076650019 5.154e-03 5
0 0 0 0 0 0 21 8 13 a 2380.117125080 3.675e-03 3
0 0 0 0 0 0 21 9 13 s 2384.496660039 3.639e-03 3
0 0 0 0 0 0 21 9 13 a 2384.530286494 5.108e-03 3
0 0 0 0 0 0 22 5 17 s 2390.741101341 5.713e-03 2
0 0 0 0 0 0 20 13 7 s 2405.756279294 3.021e-03 3
0 0 0 0 0 0 20 13 8 s 2405.758788102 4.675e-03 3
0 0 0 0 0 0 20 13 8 a 2405.810470386 3.021e-03 2
0 0 0 0 0 0 20 13 7 a 2405.810824449 4.675e-03 2
0 0 0 0 0 0 23 4 20 s 2413.555297363 7.466e-03 2
0 0 0 0 0 0 21 9 12 s 2417.146595699 5.140e-03 2
0 0 0 0 0 0 21 9 12 a 2417.189416074 3.639e-03 4
0 0 1 0 0 0 0 0 0 s 2430.796528586 1.000e-03 1
0 0 0 0 0 0 21 10 12 s 2434.459252135 3.675e-03 2
0 0 0 0 0 0 21 10 12 a 2434.484360233 5.154e-03 2
0 0 1 0 0 0 0 0 0 a 2434.617344595 1.000e-03 2
0 0 0 0 0 0 19 16 4 s 2439.181231931 2.984e-03 2
0 0 1 0 0 0 1 0 1 s 2439.835916335 1.000e-03 4
0 0 1 0 0 0 1 1 1 s 2442.199605766 1.000e-03 4
0 0 1 0 0 0 1 0 1 a 2443.648603727 1.000e-03 4
0 0 1 0 0 0 1 1 0 s 2443.822082226 1.000e-03 4
0 0 1 0 0 0 1 1 1 a 2446.003119906 1.000e-03 3
0 0 1 0 0 0 1 1 0 a 2447.599880766 1.000e-03 4
0 0 0 0 0 0 21 10 11 s 2448.050923645 5.172e-03 2
0 0 0 0 0 0 21 10 11 a 2448.083726768 3.675e-03 4
0 0 1 0 0 0 2 0 2 s 2457.284674721 1.000e-03 4
0 0 1 0 0 0 2 1 2 s 2458.606999129 1.000e-03 4
0 0 1 0 0 0 2 0 2 a 2461.070033454 2.434e-03 4
0 0 1 0 0 0 2 1 2 a 2462.169223970 1.000e-03 5
0 0 0 0 0 0 22 6 16 s 2462.862960340 4.315e-03 3
0 0 0 0 0 0 22 7 16 s 2462.885928613 5.715e-03 2
0 0 0 0 0 0 22 6 16 a 2462.910706649 5.718e-03 2
0 0 0 0 0 0 22 7 16 a 2462.932158058 4.345e-03 3
0 0 1 0 0 0 2 1 1 s 2463.812494610 1.000e-03 5
0 0 1 0 0 0 2 1 1 a 2467.300101488 1.000e-03 6
0 0 1 0 0 0 2 2 1 s 2470.676734486 1.000e-03 3
0 0 1 0 0 0 2 2 0 s 2471.224658542 1.000e-03 5
0 0 0 0 0 0 20 14 6 s 2473.421566933 3.023e-03 2
0 0 0 0 0 0 20 14 7 a 2473.467459245 3.023e-03 2
0 0 1 0 0 0 2 2 1 a 2474.270433403 1.000e-03 6
0 0 1 0 0 0 2 2 0 a 2474.830195861 1.000e-03 4
0 0 1 0 0 0 3 0 3 s 2482.304023864 1.000e-03 5
0 0 1 0 0 0 3 1 3 s 2482.859328242 1.000e-03 5
0 0 0 0 0 0 21 11 11 s 2484.848043347 3.639e-03 3
0 0 0 0 0 0 21 11 11 a 2484.861981584 5.108e-03 3
0 0 1 0 0 0 3 0 3 a 2486.047259542 1.000e-03 4
0 0 1 0 0 0 3 1 3 a 2486.524399403 1.000e-03 4
0 0 0 0 0 0 21 11 10 s 2487.859117483 5.140e-03 4
0 0 0 0 0 0 21 11 10 a 2487.875165837 3.639e-03 4
0 0 1 0 0 0 3 1 2 s 2492.834319442 1.000e-03 5
0 0 1 0 0 0 3 1 2 a 2496.340210895 1.000e-03 6
0 0 1 0 0 0 3 2 2 s 2497.852853185 1.000e-03 7
0 0 1 0 0 0 3 2 1 s 2500.072531197 1.000e-03 2
0 0 1 0 0 0 3 2 2 a 2501.675680250 1.000e-03 4
0 0 1 0 0 0 3 2 1 a 2503.924476584 1.000e-03 6
0 0 1 0 0 0 3 3 1 s 2513.888125078 1.000e-03 5
0 0 1 0 0 0 3 3 0 s 2514.004286900 1.000e-03 3
0 0 1 0 0 0 4 0 4 s 2514.526812970 1.000e-03 5
0 0 1 0 0 0 4 1 4 s 2514.720846662 1.594e-03 5
0 0 1 0 0 0 3 3 1 a 2517.220577816 1.000e-03 3
0 0 1 0 0 0 3 3 0 a 2517.344108579 1.000e-03 4
0 0 1 0 0 0 4 0 4 a 2518.246616163 1.001e-03 3
0 0 1 0 0 0 4 1 4 a 2518.408698707 1.000e-03 5
0 0 0 0 0 0 22 7 15 s 2528.015973591 4.357e-03 2
0 0 0 0 0 0 22 7 15 a 2528.054845565 5.715e-03 2
0 0 0 0 0 0 22 8 15 s 2528.278855693 5.718e-03 1
0 0 0 0 0 0 22 8 15 a 2528.315030043 4.315e-03 2
0 0 1 0 0 0 4 1 3 s 2530.534137555 1.000e-03 6
0 0 1 0 0 0 4 2 3 s 2533.518582014 1.001e-03 3
0 0 1 0 0 0 4 1 3 a 2533.928499960 1.000e-03 4
0 0 1 0 0 0 4 2 3 a 2536.552480220 1.000e-03 5
0 0 0 0 0 0 21 12 10 s 2539.824963417 3.675e-03 1
0 0 0 0 0 0 21 12 10 a 2539.828808377 5.154e-03 3
0 0 0 0 0 0 21 12 9 s 2540.222557509 5.172e-03 2
0 0 0 0 0 0 21 12 9 a 2540.224132400 3.675e-03 2
0 0 1 0 0 0 4 2 2 s 2540.239359457 1.000e-03 5
0 0 1 0 0 0 4 2 2 a 2543.292886159 1.000e-03 5
0 0 0 0 0 0 20 15 5 s 2546.259896294 4.345e-03 2
0 0 0 0 0 0 20 15 6 a 2546.300938525 3.063e-03 1
0 0 1 0 0 0 4 3 2 s 2551.008127428 1.186e-03 5
0 0 1 0 0 0 4 3 1 s 2551.752618485 1.000e-03 3
0 0 1 0 0 0 5 0 5 s 2553.972245297 1.023e-03 3
0 0 1 0 0 0 5 1 5 s 2554.032927620 1.001e-03 5
0 0 1 0 0 0 4 3 2 a 2554.313059295 1.000e-03 6
0 0 1 0 0 0 4 3 1 a 2555.099797544 1.000e-03 3
0 0 1 0 0 0 5 0 5 a 2557.695319889 1.001e-03 4
0 0 1 0 0 0 5 1 5 a 2557.744363764 1.001e-03 4
0 0 0 1 0 0 0 0 0 s 2559.805472782 1.000e-03 1
0 0 0 1 0 0 1 0 1 s 2568.846811531 1.000e-03 2
0 0 0 1 0 0 1 0 1 a 2569.002478399 1.000e-03 2
0 0 0 1 0 0 1 1 1 s 2570.853852063 1.000e-03 2
0 0 0 1 0 0 1 1 1 a 2571.006918147 1.000e-03 2
0 0 1 0 0 0 4 4 1 s 2572.039548645 1.000e-03 4
0 0 1 0 0 0 4 4 0 s 2572.058624464 1.000e-03 4
0 0 0 1 0 0 1 1 0 s 2572.424289306 1.000e-03 2
0 0 0 1 0 0 1 1 0 a 2572.574330606 1.000e-03 2
0 0 1 0 0 0 4 4 1 a 2575.036694173 1.000e-03 6
0 0 1 0 0 0 4 4 0 a 2575.057380857 1.000e-03 3
0 0 1 0 0 0 5 1 4 s 2575.881831007 1.001e-03 6
0 0 1 0 0 0 5 2 4 s 2577.305483755 1.020e-03 5
0 0 1 0 0 0 5 1 4 a 2579.117998473 1.000e-03 7
0 0 1 0 0 0 5 2 4 a 2580.354858921 1.001e-03 4
0 0 0 0 0 0 22 8 14 s 2584.673104526 4.315e-03 2
0 0 0 0 0 0 22 8 14 a 2584.708553084 5.658e-03 2
0 0 0 1 0 0 2 0 2 s 2586.301327873 1.000e-03 2
0 0 0 0 0 0 23 5 18 s 2586.378924613 6.842e-03 2
0 0 0 0 0 0 23 6 18 a 2586.438047142 6.688e-03 2
0 0 0 1 0 0 2 0 2 a 2586.455237737 1.000e-03 2
0 0 0 0 0 0 22 9 14 a 2586.857703350 4.570e-03 3
0 0 0 1 0 0 2 1 2 s 2587.366757906 1.000e-03 3
0 0 0 1 0 0 2 1 2 a 2587.519541340 1.000e-03 2
0 0 1 0 0 0 5 2 3 s 2589.307282263 1.001e-03 3
0 0 0 1 0 0 2 1 1 s 2592.074035110 1.000e-03 3
0 0 0 1 0 0 2 1 1 a 2592.219032810 1.000e-03 3
0 0 1 0 0 0 5 2 3 a 2592.327357402 1.001e-03 6
0 0 1 0 0 0 5 3 3 s 2597.251461123 1.000e-03 7
0 0 0 1 0 0 2 2 1 s 2598.089503807 1.000e-03 2
0 0 0 1 0 0 2 2 1 a 2598.225649080 1.000e-03 2
0 0 0 1 0 0 2 2 0 s 2598.718213094 1.000e-03 2
0 0 0 1 0 0 2 2 0 a 2598.853822842 1.000e-03 2
0 0 1 0 0 0 5 3 2 s 2599.248865846 1.001e-03 4
0 0 1 0 0 0 6 0 6 s 2600.700877139 1.001e-03 5
0 0 1 0 0 0 6 1 6 s 2600.719004692 1.001e-03 4
0 0 0 0 0 0 21 13 9 s 2600.894663182 3.639e-03 2
0 0 0 0 0 0 21 13 8 s 2600.900117314 5.108e-03 2
0 0 0 0 0 0 21 13 9 a 2600.957345393 5.108e-03 3
0 0 0 0 0 0 21 13 8 a 2600.959640299 3.639e-03 3
0 0 1 0 0 0 5 3 3 a 2601.298430270 1.001e-03 3
0 0 1 0 0 0 5 3 2 a 2603.401363623 1.000e-03 6
0 0 1 0 0 0 6 0 6 a 2604.446750056 1.028e-03 4
0 0 1 0 0 0 6 1 6 a 2604.460824610 1.001e-03 3
0 0 0 0 0 0 19 18 2 s 2607.391832931 4.319e-03 2
0 0 0 0 0 0 19 18 2 a 2607.418679484 5.010e-03 2
0 0 0 1 0 0 3 0 3 s 2611.374577629 1.000e-03 2
0 0 0 1 0 0 3 0 3 a 2611.528577130 1.000e-03 2
0 0 0 1 0 0 3 1 3 s 2611.793042410 1.000e-03 3
0 0 0 1 0 0 3 1 3 a 2611.946657329 1.000e-03 3
0 0 1 0 0 0 5 4 2 s 2618.558133423 1.001e-03 6
0 0 1 0 0 0 5 4 1 s 2618.719979469 1.001e-03 3
0 0 0 1 0 0 3 1 2 s 2621.030239523 1.000e-03 3
0 0 0 1 0 0 3 1 2 a 2621.168442363 1.000e-03 3
0 0 1 0 0 0 5 4 2 a 2621.513856073 1.847e-03 2
0 0 1 0 0 0 5 4 1 a 2621.664263540 1.001e-03 5
0 0 0 1 0 0 3 2 2 s 2625.208582232 1.000e-03 3
0 0 0 1 0 0 3 2 2 a 2625.341862964 1.000e-03 2
0 0 0 1 0 0 3 2 1 s 2627.871736455 1.015e-03 3
0 0 0 1 0 0 3 2 1 a 2628.001849945 1.000e-03 3
0 0 1 0 0 0 6 1 5 s 2628.316763625 1.001e-03 5
0 0 1 0 0 0 6 2 5 s 2628.882643998 1.265e-03 5
0 0 0 0 0 0 22 9 13 s 2628.914795335 4.345e-03 3
0 0 0 0 0 0 22 9 13 a 2628.953084603 5.669e-03 3
0 0 1 0 0 0 6 1 5 a 2631.399440944 1.001e-03 3
0 0 1 0 0 0 6 2 5 a 2631.878572403 1.001e-03 6
0 0 0 1 0 0 3 3 1 s 2639.464047829 1.000e-03 2
0 0 0 1 0 0 3 3 1 a 2639.563185732 1.000e-03 3
0 0 0 1 0 0 3 3 0 s 2639.663131149 1.000e-03 3
0 0 0 1 0 0 3 3 0 a 2639.761071833 1.000e-03 3
0 0 0 0 0 0 22 10 13 s 2639.796717539 5.627e-03 3
0 0 0 0 0 0 22 10 13 a 2639.818741193 4.315e-03 3
0 0 0 1 0 0 4 0 4 s 2643.771022787 1.000e-03 2
0 0 0 1 0 0 4 1 4 s 2643.907044279 1.000e-03 3
0 0 0 1 0 0 4 0 4 a 2643.926255723 1.000e-03 1
0 0 0 1 0 0 4 1 4 a 2644.062194502 1.000e-03 3
0 0 1 0 0 0 5 5 1 s 2645.050827229 1.000e-03 3
0 0 1 0 0 0 5 5 0 s 2645.055130875 2.191e-03 4
0 0 1 0 0 0 6 2 4 s 2647.211961486 1.001e-03 6
0 0 1 0 0 0 5 5 1 a 2647.659331543 1.001e-03 3
0 0 1 0 0 0 5 5 0 a 2647.669483743 1.000e-03 4
0 0 1 0 0 0 6 2 4 a 2650.082547990 1.023e-03 5
0 0 1 0 0 0 6 3 4 s 2652.218866508 2.033e-03 3
0 0 1 0 0 0 6 3 4 a 2654.549924655 1.191e-03 5
0 0 1 0 0 0 7 1 7 s 2654.738062288 1.059e-03 1
0 0 1 0 0 0 7 0 7 s 2654.738229050 4.639e-03 3
0 0 0 1 0 0 4 1 3 s 2658.506752759 1.000e-03 3
0 0 1 0 0 0 7 0 7 a 2658.522844602 1.001e-03 4
0 0 1 0 0 0 7 1 7 a 2658.526992199 1.041e-03 1
0 0 0 1 0 0 4 1 3 a 2658.637164717 1.000e-03 3
0 0 1 0 0 0 6 3 3 s 2659.847394757 1.030e-03 5
0 0 0 1 0 0 4 2 3 s 2660.846907540 1.000e-03 3
0 0 0 1 0 0 4 2 3 a 2660.975901803 1.000e-03 3
0 0 0 0 0 0 22 10 12 s 2661.771842074 4.315e-03 2
0 0 0 0 0 0 22 10 12 a 2661.806495128 5.658e-03 4
0 0 1 0 0 0 6 3 3 a 2662.335553284 1.023e-03 5
0 0 0 0 0 0 23 6 17 a 2663.204030341 6.404e-03 2
0 0 0 1 0 0 4 2 2 s 2667.208058789 1.018e-03 3
0 0 0 1 0 0 4 2 2 a 2667.328131628 1.000e-03 3
0 0 0 0 0 0 21 14 7 s 2667.890274367 5.141e-03 3
0 0 0 0 0 0 21 14 7 a 2667.933051294 3.675e-03 2
0 0 1 0 0 0 6 4 3 s 2674.593044216 1.023e-03 3
0 0 1 0 0 0 6 4 2 s 2675.317354598 1.001e-03 5
0 0 0 1 0 0 4 3 2 s 2676.513753335 1.000e-03 3
0 0 0 1 0 0 4 3 2 a 2676.622336626 1.000e-03 2
0 0 1 0 0 0 6 4 3 a 2677.561353665 1.001e-03 5
0 0 0 1 0 0 4 3 1 s 2677.584758959 1.000e-03 4
0 0 0 1 0 0 4 3 1 a 2677.692024629 1.000e-03 2
0 0 1 0 0 0 6 4 2 a 2678.374145443 1.023e-03 4
0 0 0 1 0 0 5 0 5 s 2683.531181779 1.932e-03 2
0 0 0 1 0 0 5 1 5 s 2683.567476452 1.606e-03 3
0 0 0 1 0 0 5 0 5 a 2683.685417330 1.041e-03 2
0 0 0 1 0 0 5 1 5 a 2683.726402143 1.001e-03 1
0 0 1 0 0 0 7 1 6 s 2687.814882541 1.338e-03 5
0 0 1 0 0 0 7 2 6 s 2688.012157866 1.001e-03 5
0 0 1 0 0 0 7 1 6 a 2690.775165910 1.001e-03 5
0 0 1 0 0 0 7 2 6 a 2690.939568040 1.028e-03 4
0 0 0 0 0 0 22 11 12 s 2691.022438233 5.669e-03 2
0 0 0 0 0 0 22 11 12 a 2691.034962135 4.345e-03 2
0 0 0 1 0 0 4 4 1 s 2695.215942494 1.000e-03 2
0 0 0 1 0 0 4 4 0 s 2695.243243028 1.484e-03 2
0 0 0 1 0 0 4 4 1 a 2695.344209433 5.001e-03 2
0 0 0 1 0 0 4 4 0 a 2695.379683737 2.597e-03 2
0 0 0 0 0 0 22 11 11 s 2697.531292768 1.086e-02 2
0 0 0 0 0 0 22 11 11 a 2697.552707631 5.685e-03 3
0 0 1 0 0 0 6 5 2 s 2700.718902033 1.023e-03 3
0 0 1 0 0 0 6 5 1 s 2700.785360807 1.001e-03 5
0 0 0 0 0 0 24 5 20 a 2701.330709363 8.131e-03 1
0 0 1 0 0 0 6 5 2 a 2703.294416673 1.001e-03 4
0 0 1 0 0 0 6 5 1 a 2703.344782571 1.023e-03 2
0 0 0 1 0 0 5 1 4 s 2703.600496379 1.001e-03 3
0 0 0 1 0 0 5 1 4 a 2703.726635625 1.001e-03 1
0 0 0 1 0 0 5 2 4 s 2704.640516634 1.001e-03 3
0 0 0 1 0 0 5 2 4 a 2704.765414683 1.000e-03 3
0 0 0 0 0 0 20 17 4 a 2705.887246931 3.644e-03 1
0 0 1 0 0 0 7 3 5 s 2715.463680310 1.001e-03 5
0 0 1 0 0 0 7 2 5 a 2715.495518837 1.001e-03 4
0 0 1 0 0 0 8 1 8 s 2716.068224431 1.377e-03 1
0 0 1 0 0 0 8 0 8 s 2716.071001977 1.002e-03 4
0 0 0 1 0 0 5 2 3 s 2716.104089845 1.000e-03 3
0 0 0 1 0 0 5 2 3 a 2716.211781786 1.001e-03 3
0 0 1 0 0 0 7 3 5 a 2717.771816656 1.029e-03 3
0 0 1 0 0 0 8 1 8 a 2719.920053598 1.090e-03 1
0 0 1 0 0 0 8 0 8 a 2719.922608041 4.817e-03 3
0 0 0 1 0 0 5 3 3 s 2722.634494856 1.001e-03 3
0 0 0 1 0 0 5 3 3 a 2722.737182969 1.001e-03 3
0 0 0 1 0 0 5 3 2 s 2726.071951343 1.001e-03 3
0 0 0 1 0 0 5 3 2 a 2726.169044136 1.001e-03 3
0 0 1 0 0 0 7 3 4 s 2728.792594428 1.036e-03 3
0 0 0 1 0 0 6 0 6 s 2730.693208119 2.880e-03 2
0 0 0 1 0 0 6 1 6 s 2730.710905177 1.001e-03 2
0 0 0 1 0 0 6 0 6 a 2730.862219154 1.001e-03 1
0 0 1 0 0 0 7 3 4 a 2731.245922697 1.124e-03 4
0 0 1 0 0 0 6 6 0 s 2732.734607862 1.001e-03 4
0 0 0 0 0 0 23 7 16 s 2733.157608649 6.268e-03 2
0 0 0 0 0 0 23 7 16 a 2733.190943340 5.000e-03 2
0 0 0 0 0 0 23 8 16 s 2733.262138704 5.026e-03 3
0 0 0 0 0 0 23 8 16 a 2733.296685613 6.264e-03 2
0 0 1 0 0 0 6 6 1 a 2734.915886018 1.001e-03 1
0 0 1 0 0 0 6 6 0 a 2734.916207214 2.263e-03 4
0 0 1 0 0 0 7 4 4 s 2739.965926170 1.001e-03 5
0 0 0 0 0 0 21 15 7 s 2740.275595245 3.684e-03 2
0 0 0 0 0 0 21 15 6 a 2740.314558933 3.684e-03 1
0 0 1 0 0 0 7 4 3 s 2741.417869708 1.808e-03 4
0 0 0 1 0 0 5 4 2 s 2741.770533476 1.001e-03 3
0 0 0 1 0 0 5 4 2 a 2741.849692968 1.001e-03 3
0 0 0 1 0 0 5 4 1 s 2742.103225162 1.000e-03 4
0 0 0 1 0 0 5 4 1 a 2742.182016396 1.001e-03 2
0 0 0 0 0 0 22 12 11 s 2745.317341584 5.627e-03 2
0 0 0 0 0 0 22 12 11 a 2745.320423347 4.315e-03 1
0 0 1 0 0 0 7 4 3 a 2745.751409201 1.001e-03 5
0 0 0 0 0 0 22 12 10 s 2746.379186955 4.315e-03 2
0 0 0 0 0 0 22 12 10 a 2746.384478365 5.658e-03 3
0 0 1 0 0 0 8 1 7 s 2754.479310582 1.164e-03 6
0 0 1 0 0 0 8 2 7 s 2754.546960613 1.042e-03 2
0 0 0 1 0 0 6 1 5 s 2755.882821640 1.023e-03 3
0 0 0 1 0 0 6 1 5 a 2756.003610470 1.001e-03 3
0 0 0 1 0 0 6 2 5 s 2756.283963698 1.001e-03 3
0 0 0 1 0 0 6 2 5 a 2756.390968004 2.086e-03 3
0 0 1 0 0 0 8 1 7 a 2757.352663081 1.538e-03 4
0 0 1 0 0 0 8 2 7 a 2757.406504002 1.002e-03 4
0 0 0 1 0 0 5 5 1 s 2765.414580076 2.229e-03 2
0 0 0 1 0 0 5 5 0 s 2765.415490867 1.001e-03 2
0 0 0 1 0 0 5 5 0 a 2765.532241091 3.516e-03 2
0 0 0 1 0 0 5 5 1 a 2765.532779370 1.001e-03 1
0 0 0 1 0 0 6 2 4 s 2773.631310609 1.023e-03 3
0 0 0 1 0 0 6 2 4 a 2773.728437555 1.001e-03 3
0 0 0 1 0 0 6 3 4 s 2777.480918870 1.001e-03 3
0 0 0 1 0 0 6 3 4 a 2777.574981489 1.023e-03 3
0 0 1 0 0 0 9 0 9 s 2784.703369381 5.533e-03 3
0 0 0 1 0 0 6 3 3 s 2785.054318174 1.023e-03 3
0 0 0 1 0 0 6 3 3 a 2785.142507781 1.001e-03 2
0 0 0 1 0 0 7 0 7 s 2785.291989917 1.263e-03 2
0 0 0 1 0 0 7 0 7 a 2785.468392199 1.041e-03 1
0 0 0 1 0 0 7 1 7 a 2785.470405401 1.079e-03 1
0 0 1 0 0 0 8 2 6 s 2785.513373730 1.002e-03 3
0 0 1 0 0 0 8 3 6 s 2786.644290136 1.041e-03 3
0 0 1 0 0 0 8 2 6 a 2787.890091498 1.049e-03 3
0 0 1 0 0 0 9 0 9 a 2788.624561565 1.612e-03 2
0 0 0 0 0 0 23 8 15 s 2795.425999565 6.264e-03 2
0 0 0 0 0 0 23 8 15 a 2795.454434591 5.037e-03 2
0 0 0 0 0 0 23 9 15 s 2796.408371043 5.000e-03 2
0 0 1 0 0 0 7 6 2 s 2797.515335274 1.381e-03 2
0 0 0 1 0 0 6 4 3 s 2797.744330429 1.001e-03 3
0 0 0 1 0 0 6 4 3 a 2797.819625704 1.023e-03 3
0 0 0 1 0 0 6 4 2 s 2799.124170656 3.746e-03 3
0 0 0 1 0 0 6 4 2 a 2799.199731810 1.001e-03 3
0 0 0 0 0 0 22 13 10 s 2805.388578160 5.669e-03 2
0 0 0 0 0 0 22 13 9 s 2805.391631400 1.086e-02 2
0 0 0 0 0 0 22 13 9 a 2805.515168726 5.685e-03 3
0 0 1 0 0 0 8 3 5 s 2806.865620228 1.001e-03 3
0 0 1 0 0 0 8 4 5 s 2814.098071007 1.098e-03 3
0 0 0 1 0 0 7 1 6 s 2815.386696199 1.001e-03 3
0 0 0 1 0 0 7 1 6 a 2815.503617689 1.024e-03 3
0 0 0 1 0 0 7 2 6 s 2815.513928218 1.029e-03 3
0 0 0 1 0 0 7 2 6 a 2815.629653619 1.001e-03 2
0 0 0 0 0 0 21 16 5 a 2817.613249294 5.026e-03 2
0 0 0 1 0 0 6 5 2 s 2821.274704767 1.001e-03 3
0 0 0 1 0 0 6 5 1 s 2821.329471004 2.992e-03 2
0 0 0 1 0 0 6 5 2 a 2821.405413550 1.436e-03 5
0 0 0 1 0 0 6 5 1 a 2821.439794007 1.001e-03 3
0 0 1 0 0 0 8 4 4 s 2822.180123732 1.001e-03 4
0 0 1 0 0 0 9 1 8 s 2828.373462992 6.485e-03 4
0 0 1 0 0 0 9 1 8 a 2831.155000991 1.059e-03 4
0 0 1 0 0 0 7 7 0 s 2834.812848034 1.287e-03 2
0 0 0 1 0 0 7 2 5 s 2838.781577748 1.001e-03 3
0 0 0 1 0 0 7 2 5 a 2838.870235736 1.036e-03 3
0 0 0 1 0 0 7 3 5 s 2840.642538477 1.042e-03 2
0 0 0 1 0 0 7 3 5 a 2840.732180351 1.001e-03 3
0 0 0 0 0 0 23 9 14 s 2846.970966084 6.213e-03 2
0 0 0 0 0 0 23 9 14 a 2847.001487526 1.114e-02 2
0 0 0 1 0 0 8 0 8 s 2847.330129789 2.020e-03 2
0 0 0 1 0 0 8 1 8 s 2847.332163392 1.048e-03 1
0 0 0 1 0 0 6 6 1 s 2850.023781718 1.001e-03 1
0 0 0 1 0 0 6 6 0 s 2850.024708504 1.035e-03 2
0 0 0 1 0 0 6 6 0 a 2850.133701976 1.001e-03 2
0 0 0 0 0 0 23 10 14 s 2853.099026350 5.409e-03 2
0 0 0 1 0 0 7 3 4 s 2853.833369764 1.001e-03 3
0 0 0 1 0 0 7 3 4 a 2853.904617001 1.024e-03 3
0 0 1 0 0 0 10 0 10 s 2860.613551845 1.198e-03 2
0 0 0 1 0 0 7 4 4 s 2862.935415003 1.035e-03 3
0 0 0 1 0 0 7 4 4 a 2863.002655199 1.001e-03 3
0 0 1 0 0 0 10 0 10 a 2864.627671109 3.287e-03 2
0 0 1 0 0 0 9 3 7 s 2865.448699895 1.059e-03 2
0 0 0 1 0 0 7 4 3 s 2866.896074490 1.001e-03 3
0 0 0 1 0 0 7 4 3 a 2866.956894999 1.036e-03 3
0 0 0 0 0 0 24 7 18 s 2870.485070142 7.299e-03 2
0 0 0 0 0 0 24 6 18 a 2870.523337613 7.442e-03 2
0 0 0 0 0 0 22 14 9 s 2871.573504393 1.143e-02 2
0 0 0 0 0 0 22 14 9 a 2871.616281241 4.315e-03 2
0 0 0 0 0 0 22 14 8 a 2871.619737393 5.627e-03 2
0 0 0 0 0 0 20 19 2 s 2881.813867484 5.607e-03 2
0 0 0 0 0 0 20 19 2 a 2881.834766931 5.003e-03 2
0 0 0 1 0 0 8 1 7 s 2882.222909495 4.345e-03 3
0 0 0 1 0 0 8 2 7 s 2882.257248183 1.001e-03 3
0 0 0 1 0 0 8 1 7 a 2882.333816457 1.534e-03 3
0 0 0 1 0 0 8 2 7 a 2882.371015648 1.464e-03 3
0 0 0 0 0 0 23 10 13 s 2884.768365617 6.222e-03 3
0 0 0 0 0 0 23 10 13 a 2884.800012335 5.026e-03 1
0 0 0 1 0 0 7 5 3 s 2886.697558568 1.036e-03 3
0 0 0 1 0 0 7 5 3 a 2886.745515110 1.001e-03 3
0 0 0 1 0 0 7 5 2 s 2887.140415171 1.001e-03 3
0 0 0 1 0 0 7 5 2 a 2887.182911122 2.185e-03 2
0 0 0 0 0 0 23 11 13 s 2906.078452193 5.000e-03 2
0 0 0 0 0 0 23 11 13 a 2906.092208539 6.184e-03 2
0 0 0 1 0 0 8 2 6 s 2911.014533186 2.041e-03 2
0 0 0 1 0 0 8 2 6 a 2911.080734418 1.001e-03 3
0 0 0 1 0 0 8 3 6 s 2911.760999901 1.001e-03 3
0 0 0 1 0 0 8 3 6 a 2911.835905600 3.330e-03 3
0 0 0 1 0 0 7 6 2 s 2915.123871151 1.037e-03 2
0 0 0 1 0 0 7 6 1 s 2915.129900227 1.001e-03 3
0 0 0 1 0 0 7 6 2 a 2915.219851976 2.940e-03 2
0 0 0 1 0 0 7 6 1 a 2915.228680755 1.037e-03 2
0 0 0 1 0 0 9 0 9 s 2916.754078579 2.759e-03 2
0 0 0 1 0 0 9 1 9 s 2916.758642116 3.103e-03 1
0 0 0 1 0 0 9 0 9 a 2916.792538470 1.444e-01 2
0 0 0 0 0 0 23 11 12 s 2918.389812247 6.213e-03 3
0 0 0 0 0 0 23 11 12 a 2918.411514074 5.000e-03 2
0 0 0 1 0 0 8 3 5 s 2931.381352152 1.042e-03 2
0 0 0 1 0 0 8 3 5 a 2931.438673318 1.001e-03 3
0 0 0 1 0 0 8 4 5 s 2936.992197593 1.001e-03 3
0 0 0 1 0 0 8 4 5 a 2937.049648829 2.106e-03 3
0 0 0 0 0 0 22 15 7 s 2943.397958294 4.345e-03 1
0 0 0 0 0 0 22 15 7 a 2943.437328367 5.658e-03 1
0 0 0 0 0 0 24 7 17 s 2945.194144341 7.098e-03 2
0 0 0 1 0 0 8 4 4 s 2945.409636010 1.037e-03 3
0 0 0 1 0 0 8 4 4 a 2945.453292632 1.001e-03 3
0 0 0 1 0 0 7 7 0 s 2948.976066791 1.120e-03 2
0 0 0 1 0 0 9 1 8 s 2956.429030102 1.003e-03 2
0 0 0 1 0 0 9 2 8 s 2956.444799269 3.018e-03 2
0 0 0 1 0 0 9 2 8 a 2956.554900947 1.059e-03 2
0 0 0 0 0 0 23 12 12 s 2960.165785135 5.026e-03 2
0 0 0 0 0 0 23 12 12 a 2960.170658233 6.222e-03 2
0 0 0 1 0 0 8 5 4 s 2961.631674294 1.001e-03 3
0 0 0 1 0 0 8 5 4 a 2961.669896779 1.652e-03 3
0 0 0 0 0 0 23 12 11 s 2962.752243631 6.237e-03 2
0 0 0 0 0 0 23 12 11 a 2962.756920768 1.494e-02 2
0 0 0 1 0 0 8 5 3 s 2963.216399401 1.333e-03 2
0 0 0 1 0 0 8 5 3 a 2963.253755468 1.001e-03 3
0 0 0 1 0 0 8 6 3 s 2989.805064722 1.001e-03 4
0 0 0 1 0 0 8 6 2 s 2989.825157053 1.338e-03 3
0 0 0 1 0 0 8 6 3 a 2989.921326681 1.338e-03 1
0 0 0 1 0 0 8 6 2 a 2989.966373912 1.001e-03 3
0 0 0 1 0 0 9 2 7 s 2990.243285519 1.003e-03 2
0 0 0 1 0 0 9 2 7 a 2990.309594172 1.055e-03 2
0 0 0 1 0 0 9 3 7 s 2990.539762303 1.479e-03 3
0 0 0 1 0 0 9 3 7 a 2990.605222048 1.002e-03 3
0 0 0 1 0 0 10 1 10 s 2993.639996813 1.003e-03 1
0 0 0 1 0 0 10 0 10 s 2993.644902116 4.251e-03 2
0 0 0 1 0 0 10 1 10 a 2993.830198333 3.937e-03 2
0 0 0 0 0 0 24 8 16 s 3012.623511340 5.690e-03 1
0 0 0 0 0 0 24 8 16 a 3012.648581649 6.847e-03 1
0 0 0 0 0 0 24 9 16 s 3013.052953613 6.842e-03 1
0 0 0 0 0 0 24 9 16 a 3013.075707704 5.713e-03 1
0 0 0 1 0 0 9 3 6 s 3016.554318104 1.002e-03 2
0 0 0 1 0 0 9 3 6 a 3016.634509197 3.326e-03 3
0 0 0 0 0 0 23 13 11 a 3019.235636584 6.184e-03 1
0 0 0 1 0 0 9 4 6 a 3019.542628610 1.002e-03 2
0 0 0 1 0 0 9 4 6 s 3019.552123330 1.530e-03 3
0 0 0 0 0 0 23 13 10 s 3019.579417365 6.213e-03 1
0 0 0 0 0 0 22 16 7 a 3020.364125245 4.360e-03 2
0 0 0 1 0 0 8 7 2 s 3023.296751882 1.258e-03 1
0 0 0 1 0 0 8 7 1 s 3023.298645911 1.158e-03 3
0 0 0 1 0 0 8 7 1 a 3023.386509681 1.550e-03 3
0 0 0 1 0 0 9 4 5 s 3033.955953563 1.002e-03 3
0 0 0 1 0 0 9 4 5 a 3033.987545713 3.040e-03 3
0 0 0 1 0 0 10 1 9 s 3038.045458450 5.276e-03 2
0 0 0 1 0 0 10 1 9 a 3038.109338267 1.555e-03 3
0 0 0 1 0 0 9 5 5 s 3045.884252897 1.556e-03 2
0 0 0 1 0 0 9 5 5 a 3045.916581705 1.002e-03 3
0 0 0 1 0 0 9 5 4 s 3050.153625168 1.002e-03 3
0 0 0 1 0 0 9 5 4 a 3050.175243505 2.320e-03 3
0 0 0 1 0 0 8 8 0 s 3062.167432060 4.952e-03 2
0 0 0 0 0 0 24 9 15 s 3070.810663591 5.724e-03 1
0 0 0 0 0 0 24 9 15 a 3070.835390565 6.842e-03 1
0 0 0 0 0 0 24 10 15 a 3073.972220043 5.690e-03 1
0 0 0 1 0 0 9 6 4 s 3074.089539525 1.338e-03 3
0 0 0 1 0 0 9 6 4 a 3074.108036417 1.002e-03 3
0 0 0 1 0 0 9 6 3 s 3074.604120876 1.002e-03 3
0 0 0 1 0 0 9 6 3 a 3074.618947059 1.338e-03 3
0 0 0 1 0 0 10 2 8 s 3076.717768702 4.596e-03 3
0 0 0 1 0 0 10 2 8 a 3076.795603727 1.074e-03 3
0 0 0 1 0 0 10 3 8 s 3076.829355817 1.060e-03 3
0 0 0 1 0 0 10 3 8 a 3076.892777145 4.711e-03 2
0 0 0 0 0 0 23 14 9 s 3084.490550726 6.237e-03 1
0 0 0 0 0 0 23 14 10 a 3084.534710943 6.222e-03 2
0 0 0 0 0 0 23 14 9 a 3084.540724400 1.494e-02 1
0 0 0 0 0 0 22 17 5 s 3101.938297294 5.713e-03 2
0 0 0 1 0 0 9 7 2 s 3107.165476236 1.053e-03 4
0 0 0 1 0 0 9 7 2 a 3107.218091246 6.163e-03 2
0 0 0 1 0 0 9 7 3 a 3107.243868749 1.694e-03 3
0 0 0 1 0 0 10 3 7 s 3108.723053042 1.440e-03 2
0 0 0 1 0 0 10 3 7 a 3108.772335333 1.002e-03 3
0 0 0 1 0 0 10 4 7 s 3110.041876635 1.002e-03 2
0 0 0 1 0 0 10 4 7 a 3110.066029545 1.859e-03 3
0 0 0 0 0 0 24 10 14 s 3115.541840526 1.815e-02 2
0 0 0 0 0 0 24 10 14 a 3115.569476084 1.205e-02 2
0 0 0 0 0 0 24 11 14 a 3129.608148350 1.173e-02 1
0 0 0 1 0 0 10 4 6 s 3131.429495113 2.534e-03 2
0 0 0 1 0 0 10 4 6 a 3131.443527148 1.002e-03 2
0 0 0 1 0 0 10 5 6 s 3139.097616342 1.002e-03 3
0 0 0 1 0 0 10 5 6 a 3139.133826112 1.544e-03 3
0 0 0 1 0 0 9 8 1 s 3145.712293580 1.147e-03 2
0 0 0 1 0 0 10 5 5 s 3148.027905339 2.123e-03 3
0 0 0 1 0 0 10 5 5 a 3148.035292417 1.543e-03 3
0 0 0 0 0 0 24 11 13 a 3150.020512617 6.803e-03 1
0 0 0 0 0 0 23 15 8 s 3155.625782393 6.184e-03 1
0 0 0 0 0 0 23 15 9 a 3155.658022393 1.537e-02 1
0 0 0 0 0 0 25 7 18 s 3164.153898613 8.060e-03 1
0 0 0 0 0 0 25 8 18 a 3164.195920142 7.926e-03 1
0 0 0 1 0 0 10 6 5 s 3167.916509042 1.305e-03 3
0 0 0 1 0 0 10 6 5 a 3167.930080567 1.343e-03 2
0 0 0 0 0 0 21 20 2 s 3168.815976931 5.692e-03 1
0 0 0 0 0 0 21 20 2 a 3168.834813484 6.228e-03 1
0 0 0 1 0 0 10 6 4 s 3169.604900340 1.353e-03 2
0 0 0 1 0 0 10 6 4 a 3169.606825982 1.002e-03 2
0 0 0 0 0 0 24 12 13 s 3184.187310539 6.769e-03 1
0 0 0 0 0 0 24 12 13 a 3184.191849193 5.690e-03 1
0 0 0 1 0 0 9 9 0 s 3189.497245773 2.143e-03 2
0 0 0 1 0 0 9 9 0 a 3189.597951013 3.005e-03 1
0 0 0 0 0 0 24 12 12 s 3189.818607074 5.690e-03 1
0 0 0 0 0 0 24 12 12 a 3189.828606247 1.205e-02 1
0 0 0 1 0 0 10 7 4 s 3200.626887880 1.128e-03 3
0 0 0 1 0 0 10 7 3 a 3200.786316703 1.061e-03 5
0 0 0 0 0 0 25 8 17 a 3236.488778341 7.795e-03 1
0 0 0 1 0 0 10 8 2 a 3238.701030768 3.227e-03 3
0 0 0 1 0 0 10 8 3 s 3238.766429189 1.322e-03 1
0 0 0 1 0 0 10 8 2 s 3238.767394679 4.020e-03 2
0 0 0 0 0 0 24 13 12 a 3242.418793135 5.713e-03 1
0 0 0 0 0 0 24 13 12 s 3242.422944233 6.803e-03 1
0 0 0 0 0 0 24 13 11 a 3243.314678631 6.817e-03 1
0 0 0 0 0 0 24 13 11 s 3243.315979768 1.816e-02 1
0 0 0 1 0 0 10 9 1 s 3282.235355193 1.851e-03 3
0 0 0 0 0 0 23 17 7 s 3313.399118245 5.045e-03 1
0 0 0 1 0 0 10 10 1 s 3330.819544103 4.614e-03 2
0 0 0 0 0 0 25 11 14 s 3391.222106084 1.590e-02 1
0 0 0 0 0 0 25 11 14 a 3391.245023526 2.315e-02 1
0 0 0 0 0 0 23 18 5 a 3399.169158294 6.404e-03 1
1 0 0 0 0 0 0 0 0 a 3404.333926214 1.000e-03 1
1 0 0 0 0 0 1 0 1 s 3413.297410113 1.000e-03 3
1 0 0 0 0 0 1 0 1 a 3413.390628727 1.000e-03 4
1 0 0 0 0 0 1 1 1 s 3415.270649226 1.036e-03 5
1 0 0 0 0 0 1 1 1 a 3415.390374692 1.000e-03 4
1 0 0 0 0 0 1 1 0 s 3416.828257226 1.000e-03 4
1 0 0 0 0 0 1 1 0 a 3416.937080766 4.350e-03 4
1 0 0 0 0 0 2 0 2 s 3430.879068712 1.000e-03 5
1 0 0 0 0 0 2 0 2 a 3430.889114707 1.000e-03 4
1 0 0 0 0 0 2 1 2 s 3431.757967690 1.000e-03 5
1 0 0 0 0 0 2 1 2 a 3431.960173267 1.000e-03 6
1 0 0 0 0 0 2 1 1 s 3436.474802414 2.578e-03 4
1 0 0 0 0 0 2 1 1 a 3436.594653399 1.000e-03 5
1 0 0 0 0 0 2 2 1 s 3442.477419049 1.000e-03 4
1 0 0 0 0 0 2 2 1 a 3442.583708936 5.848e-03 7
1 0 0 0 0 0 2 2 0 s 3443.092064693 1.000e-03 4
1 0 0 0 0 0 2 2 0 a 3443.199591609 1.959e-03 4
1 0 0 0 0 0 3 0 3 s 3455.544495924 1.000e-03 4
1 0 0 0 0 0 3 0 3 a 3456.051968319 1.000e-03 3
1 0 0 0 0 0 3 1 3 s 3456.233688242 1.000e-03 5
1 0 0 0 0 0 3 1 3 a 3456.486377341 1.000e-03 5
1 0 0 0 0 0 3 1 2 a 3465.570179493 1.000e-03 7
1 0 0 0 0 0 3 1 2 s 3465.839591933 1.035e-03 5
1 0 0 0 0 0 3 2 2 s 3469.562136513 1.000e-03 7
1 0 0 0 0 0 3 2 2 a 3469.833065531 1.000e-03 6
1 0 0 0 0 0 3 2 1 s 3472.170130620 1.000e-03 5
1 0 0 0 0 0 3 2 1 a 3472.376701917 1.000e-03 5
1 0 0 0 0 0 3 3 1 s 3483.807553462 1.000e-03 6
1 0 0 0 0 0 3 3 0 s 3484.047362783 1.000e-03 3
1 0 0 0 0 0 3 3 0 a 3484.064525079 1.000e-03 5
1 0 0 0 0 0 4 0 4 s 3488.255712970 1.613e-03 5
1 0 0 0 0 0 4 1 4 s 3488.428277136 1.000e-03 4
1 0 0 0 0 0 4 0 4 a 3488.594617096 1.496e-03 4
1 0 0 0 0 0 4 1 4 a 3488.787466494 1.000e-03 6
1 0 0 0 0 0 4 1 3 s 3502.595286479 1.523e-03 3
1 0 0 0 0 0 4 1 3 a 3503.155647626 1.001e-03 4
1 0 0 0 0 0 4 2 3 s 3505.188383789 1.676e-03 7
1 0 0 0 0 0 4 2 3 a 3505.608824406 1.315e-03 8
1 0 0 0 0 0 4 2 2 s 3511.174543297 1.000e-03 6
1 0 0 0 0 0 4 2 2 a 3511.718524554 3.135e-03 5
1 0 0 0 0 0 4 3 2 a 3520.615587197 1.000e-03 7
1 0 0 0 0 0 4 3 2 s 3520.799047727 4.591e-03 6
1 0 0 0 0 0 4 3 1 a 3522.033931765 4.438e-03 4
1 0 0 0 0 0 5 0 5 s 3528.161209785 1.001e-03 3
1 0 0 0 0 0 5 1 5 s 3528.209947620 1.001e-03 5
1 0 0 0 0 0 4 4 1 a 3539.571359239 1.001e-03 1
1 0 0 0 0 0 4 4 0 s 3539.574381159 1.261e-03 5
1 0 0 0 0 0 4 4 1 s 3539.583264855 2.253e-03 3
1 0 0 0 0 0 4 4 0 a 3539.641664957 1.001e-03 2
1 0 0 0 0 0 5 1 4 s 3547.634196622 1.001e-03 6
1 0 0 0 0 0 5 1 4 a 3548.381392852 1.197e-03 6
1 0 0 0 0 0 5 2 4 s 3548.986751778 1.001e-03 6
1 0 0 0 0 0 5 2 4 a 3549.239111411 4.228e-03 3
1 0 0 0 0 0 5 2 3 a 3560.645590735 1.001e-03 6
1 0 0 0 0 0 5 3 3 s 3566.870313867 1.000e-03 5
1 0 0 0 0 0 5 3 3 a 3567.426813396 3.157e-03 3
1 0 0 0 0 0 5 3 2 s 3570.289197583 1.001e-03 6
1 0 0 0 0 0 5 3 2 a 3570.891718739 1.000e-03 6
1 0 0 0 0 0 6 1 6 s 3575.495691556 1.545e-03 4
1 0 0 0 0 0 6 0 6 a 3575.703444183 1.028e-03 2
1 0 0 0 0 0 6 1 6 a 3575.721304577 1.001e-03 5
1 0 0 0 0 0 5 4 1 a 3586.484676766 1.001e-03 6
1 0 0 0 0 0 5 4 2 s 3586.488537436 2.330e-03 4
1 0 0 0 0 0 6 1 5 s 3600.224730614 1.001e-03 4
1 0 0 0 0 0 6 2 5 s 3600.703809209 1.023e-03 7
1 0 0 0 0 0 6 1 5 a 3601.181486101 1.001e-03 6
1 0 0 0 0 0 5 5 0 a 3609.693583743 1.000e-03 4
1 0 0 0 0 0 5 5 1 a 3609.696216072 2.036e-03 3
1 0 0 0 0 0 5 5 1 s 3609.788692222 1.000e-03 6
1 0 0 0 0 0 6 2 4 s 3617.361339500 1.857e-03 3
1 0 0 0 0 0 6 2 4 a 3618.421889721 1.023e-03 6
1 0 0 0 0 0 6 3 4 s 3621.693116418 1.023e-03 5
1 0 0 0 0 0 6 3 3 s 3628.985245746 1.001e-03 7
1 0 0 0 0 0 6 3 3 a 3629.803871578 1.834e-03 5
1 0 0 0 0 0 6 4 3 s 3641.866319064 1.023e-03 5
1 0 0 0 0 0 6 4 2 a 3643.069328765 1.023e-03 6
1 0 0 0 0 0 6 4 2 s 3643.325111825 1.001e-03 5
1 0 0 0 0 0 7 2 6 s 3660.065194181 2.022e-03 7
1 0 0 0 0 0 6 5 2 a 3665.593161658 1.001e-03 3
1 0 0 0 0 0 6 5 1 a 3665.801454248 2.200e-03 5
1 0 0 0 0 0 7 2 5 s 3682.550100921 1.024e-03 6
1 0 0 0 0 0 7 2 5 a 3683.918067853 1.001e-03 6
1 0 0 0 0 0 7 3 5 s 3684.876265701 1.001e-03 5
1 0 0 0 0 0 7 3 5 a 3685.509800906 2.280e-03 3
1 0 0 0 0 0 6 6 0 s 3694.717246823 1.961e-03 3
1 0 0 0 0 0 7 4 4 s 3707.032629204 1.001e-03 7
1 0 0 0 0 0 7 4 4 a 3708.296633062 2.427e-03 3
1 0 0 0 0 0 7 4 3 a 3711.141381410 1.001e-03 3
1 0 0 0 0 0 8 1 7 s 3726.903175428 1.001e-03 4
1 0 0 0 0 0 8 2 6 s 3755.186427723 3.382e-03 3