0 0 0 0 0 0 0 0 0 s 0.000000000 0.000e+00 14
0 0 0 0 0 0 0 0 0 a 0.405928000 1.000e-06 17
0 0 0 0 0 0 1 0 1 s 11.101763313 5.527e-06 26
0 0 0 0 0 0 1 0 1 a 11.506336315 4.615e-06 31
0 0 0 0 0 0 1 1 1 s 14.372527622 1.176e-05 34
0 0 0 0 0 0 1 1 1 a 14.776091760 1.123e-05 30
0 0 0 0 0 0 1 1 0 s 16.092504461 6.450e-06 26
0 0 0 0 0 0 1 1 0 a 16.493227088 5.296e-06 21
0 0 0 0 0 0 2 0 2 s 32.781968481 7.481e-06 27
0 0 0 0 0 0 2 0 2 a 33.185212620 9.047e-06 35
0 0 0 0 0 0 2 1 2 s 34.851789079 1.083e-05 39
0 0 0 0 0 0 2 1 2 a 35.255522041 1.136e-05 28
0 0 0 0 0 0 2 1 1 s 40.009893529 8.259e-06 38
0 0 0 0 0 0 2 1 1 a 40.405164410 1.059e-05 33
0 0 0 0 0 0 2 2 1 s 49.815429092 1.405e-05 32
0 0 0 0 0 0 2 2 1 a 50.207738747 1.085e-05 41
0 0 0 0 0 0 2 2 0 s 50.334805991 1.433e-05 31
0 0 0 0 0 0 2 2 0 a 50.725780435 1.292e-05 31
0 0 0 0 0 0 3 0 3 s 64.246579696 1.922e-05 30
0 0 0 0 0 0 3 0 3 a 64.650227248 1.473e-05 30
0 0 0 0 0 0 3 1 3 s 65.277590776 1.294e-05 43
0 0 0 0 0 0 3 1 3 a 65.682315970 1.683e-05 31
0 0 0 0 0 0 3 1 2 s 75.485278550 6.693e-05 44
0 0 0 0 0 0 3 1 2 a 75.873292889 3.569e-04 31
0 0 0 0 0 0 3 2 2 s 83.097047210 3.571e-04 34
0 0 0 0 0 0 3 2 2 a 83.485750037 6.750e-05 46
0 0 0 0 0 0 3 2 1 s 85.441167018 3.559e-04 31
0 0 0 0 0 0 3 2 1 a 85.824287889 6.822e-05 46
0 0 0 0 0 0 3 3 1 s 104.002087302 4.168e-04 34
0 0 0 0 0 0 3 3 0 s 104.104826898 2.675e-04 32
0 0 0 0 0 0 3 3 1 a 104.378352752 5.369e-04 25
0 0 0 0 0 0 3 3 0 a 104.480060581 5.899e-04 28
0 0 0 0 0 0 4 0 4 s 104.989938121 6.333e-04 30
0 0 0 0 0 0 4 0 4 a 105.396313786 3.341e-04 39
0 0 0 0 0 0 4 1 4 s 105.418176120 4.529e-04 40
0 0 0 0 0 0 4 1 4 a 105.824641981 6.162e-04 27
0 0 0 0 0 0 4 1 3 s 121.910638219 2.028e-04 50
0 0 0 0 0 0 4 1 3 a 122.292338632 4.104e-04 31
0 0 0 0 0 0 4 2 3 s 127.049627287 4.101e-04 34
0 0 0 0 0 0 4 2 3 a 127.433816667 2.026e-04 48
0 0 0 0 0 0 4 2 2 s 133.000509643 4.804e-04 30
0 0 0 0 0 0 4 2 2 a 133.371862057 2.122e-04 47
0 0 0 0 0 0 4 3 2 s 149.139673655 2.123e-04 43
0 0 0 0 0 0 4 3 2 a 149.509554066 5.061e-04 33
0 0 0 0 0 0 4 3 1 s 149.819881875 2.019e-04 46
0 0 0 0 0 0 4 3 1 a 150.187511083 4.122e-04 32
0 0 0 0 0 0 5 0 5 s 154.935883165 4.705e-04 25
0 0 0 0 0 0 5 1 5 s 155.093740953 2.841e-04 37
0 0 0 0 0 0 5 0 5 a 155.345979705 2.851e-04 33
0 0 0 0 0 0 5 1 5 a 155.504700078 4.771e-04 20
0 0 0 0 0 0 4 4 1 s 177.289862277 5.365e-04 24
0 0 0 0 0 0 4 4 0 s 177.305812209 6.212e-04 25
0 0 0 0 0 0 4 4 1 a 177.645840209 4.628e-04 35
0 0 0 0 0 0 4 4 0 a 177.662309890 5.153e-04 31
0 0 0 0 0 0 5 1 4 s 178.419476306 3.354e-04 47
0 0 0 0 0 0 5 1 4 a 178.796204272 5.892e-04 23
0 0 0 0 0 0 5 2 4 s 181.344576870 5.906e-04 29
0 0 0 0 0 0 5 2 4 a 181.725722876 3.398e-04 41
0 0 0 0 0 0 5 2 3 s 192.650158056 5.894e-04 27
0 0 0 0 0 0 5 2 3 a 193.009198899 3.350e-04 45
0 0 0 0 0 0 5 3 3 s 205.520491075 3.398e-04 44
0 0 0 0 0 0 5 3 3 a 205.882085288 5.780e-04 26
0 0 0 0 0 0 5 3 2 s 207.930680221 9.144e-04 40
0 0 0 0 0 0 5 3 2 a 208.285043611 1.016e-03 26
0 0 0 0 0 0 6 0 6 s 214.140569302 8.542e-04 21
0 0 0 0 0 0 6 1 6 s 214.194818582 4.587e-04 31
0 0 0 0 0 0 6 0 6 a 214.556484637 4.981e-04 27
0 0 0 0 0 0 6 1 6 a 214.611038686 8.920e-04 18
0 0 0 0 0 0 5 4 2 s 233.790475870 7.608e-04 23
0 0 0 0 0 0 5 4 1 s 233.936365895 9.220e-04 23
0 0 0 0 0 0 5 4 2 a 234.138118258 4.197e-04 43
0 0 0 0 0 0 5 4 1 a 234.283019522 4.357e-04 40
0 0 0 0 0 0 6 1 5 s 244.238057121 4.189e-04 44
0 0 0 0 0 0 6 1 5 a 244.613443827 7.212e-04 21
0 0 0 0 0 0 6 2 5 s 245.646783061 7.256e-04 21
0 0 0 0 0 0 6 2 5 a 246.025345539 4.182e-04 38
0 0 0 0 0 0 6 2 4 s 263.685899130 7.476e-04 24
0 0 0 0 0 0 6 2 4 a 264.032969524 5.065e-04 33
0 0 0 0 0 0 5 5 1 s 269.739625112 5.758e-04 32
0 0 0 0 0 0 5 5 0 s 269.741169626 6.159e-04 27
0 0 0 0 0 0 5 5 1 a 270.070097098 1.115e-03 21
0 0 0 0 0 0 5 5 0 a 270.072105542 8.994e-04 19
0 0 0 0 0 0 6 3 4 s 272.899576848 5.059e-04 39
0 0 0 0 0 0 6 3 4 a 273.252767528 8.285e-04 24
0 0 0 0 0 0 6 3 3 s 278.826816784 4.400e-04 35
0 0 0 0 0 0 6 3 3 a 279.164598396 7.159e-04 24
0 0 0 0 0 0 7 0 7 s 282.642408571 8.750e-04 19
0 0 0 0 0 0 7 1 7 s 282.660434430 5.225e-04 24
0 0 0 0 0 0 7 0 7 a 283.065864698 5.121e-04 22
0 0 0 0 0 0 7 1 7 a 283.083403992 8.741e-04 17
0 0 0 0 0 0 6 4 3 s 301.795972885 7.630e-04 21
0 0 0 0 0 0 6 4 3 a 302.133806025 4.419e-04 39
0 0 0 0 0 0 6 4 2 s 302.472323823 8.377e-04 26
0 0 0 0 0 0 6 4 2 a 302.807543795 4.762e-04 35
0 0 0 0 0 0 7 1 6 s 319.071492003 5.192e-04 33
0 0 0 0 0 0 7 1 6 a 319.447375407 9.360e-04 19
0 0 0 0 0 0 7 2 6 s 319.666461006 1.161e-03 20
0 0 0 0 0 0 7 2 6 a 320.045088619 5.149e-04 28
0 0 0 0 0 0 6 5 2 s 337.413365104 6.896e-04 35
0 0 0 0 0 0 6 5 1 s 337.438869029 4.752e-04 32
0 0 0 0 0 0 6 5 2 a 337.735636576 1.083e-03 17
0 0 0 0 0 0 6 5 1 a 337.761521037 6.787e-04 14
0 0 0 0 0 0 7 2 5 s 345.172198714 8.528e-04 21
0 0 0 0 0 0 7 2 5 a 345.509911459 5.137e-04 31
0 0 0 0 0 0 7 3 5 s 350.934388701 5.095e-04 32
0 0 0 0 0 0 7 3 5 a 351.279897727 8.013e-04 22
0 0 0 0 0 0 8 0 8 s 360.449959720 1.010e-03 18
0 0 0 0 0 0 8 1 8 s 360.455778411 5.997e-04 23
0 0 0 0 0 0 8 0 8 a 360.882211367 5.906e-04 19
0 0 0 0 0 0 8 1 8 a 360.887591246 1.009e-03 14
0 0 0 0 0 0 7 3 4 s 362.312947122 5.432e-04 31
0 0 0 0 0 0 7 3 4 a 362.632261376 8.686e-04 22
0 0 0 0 0 0 7 4 4 s 381.240642968 8.808e-04 20
0 0 0 0 0 0 6 6 1 s 381.289015914 9.650e-04 13
0 0 0 0 0 0 6 6 0 s 381.289817204 9.340e-04 17
0 0 0 0 0 0 7 4 4 a 381.567103644 5.228e-04 25
0 0 0 0 0 0 6 6 1 a 381.594075577 5.572e-04 19
0 0 0 0 0 0 6 6 0 a 381.594133162 9.309e-04 21
0 0 0 0 0 0 7 4 3 s 383.434219768 8.725e-04 18
0 0 0 0 0 0 7 4 3 a 383.752903170 5.231e-04 29
0 0 0 0 0 0 8 1 7 s 402.969786662 5.880e-04 24
0 0 0 0 0 0 8 2 7 s 403.199963175 1.021e-03 16
0 0 0 0 0 0 8 1 7 a 403.347197840 1.015e-03 14
0 0 0 0 0 0 8 2 7 a 403.578688193 5.905e-04 23
0 0 0 0 0 0 7 5 3 s 416.632717427 5.172e-04 23
0 0 0 0 0 0 7 5 2 s 416.781609460 5.048e-04 28
0 0 0 0 0 0 7 5 3 a 416.944678515 8.852e-04 19
0 0 0 0 0 0 7 5 2 a 417.092743223 8.559e-04 15
0 0 0 0 0 0 8 2 6 s 436.136291414 9.912e-04 20
0 0 0 0 0 0 8 2 6 a 436.468666014 5.952e-04 28
0 0 0 0 0 0 8 3 6 s 439.239257627 5.929e-04 23
0 0 0 0 0 0 8 3 6 a 439.578248850 9.470e-04 18
0 0 0 0 0 0 9 0 9 s 447.554378156 1.136e-03 12
0 0 0 0 0 0 9 1 9 s 447.556325636 6.700e-04 15
0 0 0 0 0 0 9 0 9 a 447.997222679 6.620e-04 17
0 0 0 0 0 0 9 1 9 a 447.998699268 1.135e-03 11
0 0 0 0 0 0 8 3 5 s 457.678762446 5.656e-04 26
0 0 0 0 0 0 8 3 5 a 457.981166681 9.764e-04 21
0 0 0 0 0 0 7 6 2 s 460.052460663 1.013e-03 12
0 0 0 0 0 0 7 6 1 s 460.056885243 8.406e-04 15
0 0 0 0 0 0 7 6 2 a 460.348209202 5.826e-04 25
0 0 0 0 0 0 7 6 1 a 460.352501654 4.977e-04 22
0 0 0 0 0 0 8 4 5 s 471.923605478 9.428e-04 18
0 0 0 0 0 0 8 4 5 a 472.238548329 5.760e-04 23
0 0 0 0 0 0 8 4 4 s 477.333556483 9.916e-04 18
0 0 0 0 0 0 8 4 4 a 477.631671607 5.865e-04 22
0 0 0 0 0 0 9 1 8 s 496.034575900 6.545e-04 24
0 0 0 0 0 0 9 2 8 s 496.117971201 1.131e-03 17
0 0 0 0 0 0 9 1 8 a 496.414748010 1.132e-03 14
0 0 0 0 0 0 9 2 8 a 496.499024542 6.554e-04 24
0 0 0 0 0 0 8 5 4 s 507.452182674 5.857e-04 24
0 0 0 0 0 0 8 5 4 a 507.751534669 9.455e-04 16
0 0 0 0 0 0 8 5 3 s 508.050113988 5.816e-04 25
0 0 0 0 0 0 8 5 3 a 508.346948582 9.896e-04 18
0 0 0 0 0 0 7 7 1 s 511.841316615 8.204e-04 12
0 0 0 0 0 0 7 7 0 s 511.841987676 6.259e-04 12
0 0 0 0 0 0 7 7 1 a 512.117182891 1.125e-03 5
0 0 0 0 0 0 7 7 0 a 512.117550765 1.052e-03 7
0 0 0 0 0 0 9 2 7 s 535.990182733 1.105e-03 21
0 0 0 0 0 0 9 2 7 a 536.320099962 6.358e-04 20
0 0 0 0 0 0 9 3 7 s 537.451193674 6.567e-04 23
0 0 0 0 0 0 9 3 7 a 537.785286921 1.080e-03 15
0 0 0 0 0 0 10 0 10 s 543.939808842 1.259e-03 12
0 0 0 0 0 0 10 1 10 s 543.940359518 7.321e-04 16
0 0 0 0 0 0 10 0 10 a 544.394893903 7.248e-04 17
0 0 0 0 0 0 10 1 10 a 544.395364695 1.258e-03 11
0 0 0 0 0 0 8 6 3 s 550.320357508 9.431e-04 18
0 0 0 0 0 0 8 6 2 s 550.348524462 9.703e-04 14
0 0 0 0 0 0 8 6 3 a 550.605198023 5.845e-04 20
0 0 0 0 0 0 8 6 2 a 550.633287742 5.731e-04 22
0 0 0 0 0 0 9 3 6 s 563.935075444 6.327e-04 25
0 0 0 0 0 0 9 3 6 a 564.223818793 1.100e-03 17
0 0 0 0 0 0 9 4 6 s 573.519069310 1.070e-03 16
0 0 0 0 0 0 9 4 6 a 573.822739131 6.420e-04 19
0 0 0 0 0 0 9 4 5 s 584.221438088 1.104e-03 18
0 0 0 0 0 0 9 4 5 a 584.497017783 6.366e-04 20
0 0 0 0 0 0 10 1 9 s 598.319981007 7.169e-04 18
0 0 0 0 0 0 10 2 9 s 598.348744188 1.247e-03 13
0 0 0 0 0 0 10 1 9 a 598.704296833 1.251e-03 11
0 0 0 0 0 0 10 2 9 a 598.733575245 7.178e-04 16
0 0 0 0 0 0 8 7 2 s 601.628243369 5.986e-04 18
0 0 0 0 0 0 8 7 1 s 601.628554913 5.818e-04 15
0 0 0 0 0 0 8 7 2 a 601.894856926 1.003e-03 7
0 0 0 0 0 0 8 7 1 a 601.895410557 9.854e-04 7
0 0 0 0 0 0 9 5 5 s 609.841327268 6.430e-04 21
0 0 0 0 0 0 9 5 5 a 610.126853964 1.071e-03 13
0 0 0 0 0 0 9 5 4 s 611.698438380 6.337e-04 23
0 0 0 0 0 0 9 5 4 a 611.976756385 1.112e-03 16
0 0 0 0 0 0 10 2 8 s 644.657895737 1.214e-03 15
0 0 0 0 0 0 10 2 8 a 644.986657704 6.955e-04 17
0 0 0 0 0 0 10 3 8 s 645.279283144 7.040e-04 18
0 0 0 0 0 0 10 3 8 a 645.610250914 1.195e-03 14
0 0 0 0 0 0 11 0 11 s 649.585407789 1.362e-03 10
0 0 0 0 0 0 11 1 11 s 649.585821792 7.888e-04 14
0 0 0 0 0 0 11 1 11 a 650.055018670 1.362e-03 9
0 0 0 0 0 0 11 0 11 a 650.055133301 8.109e-04 13
0 0 0 0 0 0 9 6 4 s 652.178312889 1.071e-03 14
0 0 0 0 0 0 9 6 3 s 652.311718818 1.094e-03 17
0 0 0 0 0 0 9 6 4 a 652.450697521 6.484e-04 16
0 0 0 0 0 0 9 6 3 a 652.583576370 6.310e-04 14
0 0 0 0 0 0 8 8 1 s 661.276449996 1.011e-03 7
0 0 0 0 0 0 8 8 0 s 661.276535189 1.020e-03 7
0 0 0 0 0 0 8 8 1 a 661.522483657 6.328e-04 8
0 0 0 0 0 0 8 8 0 a 661.522624522 5.973e-04 8
0 0 0 0 0 0 10 3 7 s 679.973757873 6.956e-04 23
0 0 0 0 0 0 10 3 7 a 680.253844684 1.213e-03 19
0 0 0 0 0 0 10 4 7 s 685.625263895 1.187e-03 16
0 0 0 0 0 0 10 4 7 a 685.918920123 7.025e-04 20
0 0 0 0 0 0 9 7 3 s 702.859545435 6.372e-04 14
0 0 0 0 0 0 9 7 2 s 702.864229359 6.388e-04 15
0 0 0 0 0 0 9 7 3 a 703.115805584 1.066e-03 9
0 0 0 0 0 0 9 7 2 a 703.120529249 1.091e-03 9
0 0 0 0 0 0 10 4 6 s 703.506868621 1.211e-03 17
0 0 0 0 0 0 10 4 6 a 703.761304305 6.908e-04 17
0 0 0 0 0 0 11 1 10 s 709.839852219 7.743e-04 16
0 0 0 0 0 0 11 2 10 s 709.849284614 1.352e-03 12
0 0 0 0 0 0 11 1 10 a 710.229543010 1.356e-03 13
0 0 0 0 0 0 11 2 10 a 710.239451000 7.751e-04 14
0 0 0 0 0 0 10 5 6 s 723.644193930 6.993e-04 18
0 0 0 0 0 0 10 5 6 a 723.915343296 1.178e-03 15
0 0 0 0 0 0 10 5 5 s 728.283336804 6.892e-04 24
0 0 0 0 0 0 10 5 5 a 728.538600939 1.208e-03 15
0 0 0 0 0 0 9 8 2 s 762.015031797 1.070e-03 6
0 0 0 0 0 0 9 8 1 s 762.015291227 1.119e-03 5
0 0 0 0 0 0 9 8 2 a 762.252821459 6.585e-04 9
0 0 0 0 0 0 9 8 1 a 762.252994366 6.429e-04 8
0 0 0 0 0 0 11 2 9 s 762.278135801 1.318e-03 15
0 0 0 0 0 0 11 3 9 s 762.523915381 7.564e-04 17
0 0 0 0 0 0 11 2 9 a 762.606777346 7.555e-04 18
0 0 0 0 0 0 11 3 9 a 762.853106915 1.293e-03 13
0 0 0 0 0 0 12 0 12 s 764.468283610 1.460e-03 7
0 0 0 0 0 0 12 1 12 s 764.468615361 8.495e-04 9
0 0 0 0 0 0 12 1 12 a 764.954324529 1.460e-03 8
0 0 0 0 0 0 12 0 12 a 764.954570875 8.572e-04 11
0 0 0 0 0 0 10 6 5 s 765.687362898 1.189e-03 15
0 0 0 0 0 0 10 6 5 a 765.945840291 7.030e-04 17
0 0 0 0 0 0 10 6 4 s 766.180931022 1.211e-03 17
0 0 0 0 0 0 10 6 4 a 766.437263592 6.930e-04 15
0 0 0 0 0 0 11 3 8 s 804.911080602 7.472e-04 19
0 0 0 0 0 0 11 3 8 a 805.186852129 1.315e-03 17
0 0 0 0 0 0 11 4 8 s 807.829630409 1.285e-03 15
0 0 0 0 0 0 11 4 8 a 808.114918386 7.551e-04 17
0 0 0 0 0 0 10 7 4 s 815.614004023 7.007e-04 14
0 0 0 0 0 0 10 7 3 s 815.640068704 6.926e-04 17
0 0 0 0 0 0 10 7 4 a 815.858615425 1.184e-03 10
0 0 0 0 0 0 10 7 3 a 815.884580883 1.207e-03 10
0 0 0 0 0 0 9 9 1 s 829.459871469 6.499e-04 6
0 0 0 0 0 0 9 9 0 s 829.459929372 6.394e-04 7
0 0 0 0 0 0 9 9 0 a 829.676196618 1.146e-03 5
0 0 0 0 0 0 9 9 1 a 829.676202180 1.062e-03 7
0 0 0 0 0 0 12 1 11 s 830.586103580 8.293e-04 11
0 0 0 0 0 0 12 2 11 s 830.588970274 1.446e-03 9
0 0 0 0 0 0 12 1 11 a 830.982569901 1.450e-03 11
0 0 0 0 0 0 12 2 11 a 830.985945525 8.300e-04 13
0 0 0 0 0 0 11 4 7 s 834.187649548 1.312e-03 15
0 0 0 0 0 0 11 4 7 a 834.424812794 7.466e-04 18
0 0 0 0 0 0 11 5 7 s 848.569925142 7.559e-04 20
0 0 0 0 0 0 11 5 7 a 848.827260667 1.293e-03 14
0 0 0 0 0 0 11 5 6 s 858.098870980 7.484e-04 18
0 0 0 0 0 0 11 5 6 a 858.328703351 1.313e-03 11
0 0 0 0 0 0 10 8 3 s 874.137328359 1.184e-03 7
0 0 0 0 0 0 10 8 2 s 874.138018916 1.206e-03 7
0 0 0 0 0 0 10 8 3 a 874.365712895 6.975e-04 8
0 0 0 0 0 0 10 8 2 a 874.366320280 6.959e-04 8
0 1 0 0 0 0 0 0 0 s 876.371227088 3.000e-03 1
0 1 0 0 0 0 1 0 1 s 887.398731750 2.000e-04 6
0 0 0 0 0 0 13 0 13 s 888.562798851 1.554e-03 7
0 0 0 0 0 0 13 1 13 s 888.563101637 9.011e-04 7
0 0 0 0 0 0 12 2 10 s 888.971425354 1.414e-03 14
0 0 0 0 0 0 12 3 10 s 889.063328762 8.081e-04 15
0 0 0 0 0 0 13 1 13 a 889.067633101 1.554e-03 8
0 0 0 0 0 0 13 0 13 a 889.067911866 9.083e-04 9
0 0 0 0 0 0 12 2 10 a 889.300378667 8.022e-04 15
0 0 0 0 0 0 12 3 10 a 889.392512328 1.386e-03 10
0 1 0 0 0 0 1 1 1 s 890.817858956 2.001e-04 6
0 0 0 0 0 0 11 6 6 s 890.843916323 1.284e-03 15
0 0 0 0 0 0 11 6 6 a 891.087068625 7.566e-04 14
0 0 0 0 0 0 11 6 5 s 892.339448130 1.311e-03 16
0 0 0 0 0 0 11 6 5 a 892.576581487 7.473e-04 18
0 1 0 0 0 0 1 1 0 s 892.604845286 2.000e-04 7
0 1 0 0 0 0 0 0 0 a 896.560904461 3.000e-03 1
0 1 0 0 0 0 1 0 1 a 907.572015356 2.000e-04 7
0 1 0 0 0 0 2 0 2 s 908.902364727 2.001e-04 7
0 1 0 0 0 0 1 1 1 a 910.908792978 2.394e-04 7
0 1 0 0 0 0 2 1 2 s 911.066834890 2.002e-04 7
0 1 0 0 0 0 1 1 0 a 912.619816925 2.000e-04 9
0 1 0 0 0 0 2 1 1 s 916.420170440 2.001e-04 10
0 1 0 0 0 0 2 2 1 s 926.620991879 2.133e-04 8
0 1 0 0 0 0 2 2 0 s 927.197458282 3.020e-04 7
0 1 0 0 0 0 2 0 2 a 929.088382940 2.001e-04 6
0 1 0 0 0 0 2 1 2 a 931.274219455 2.001e-04 7
0 1 0 0 0 0 2 1 1 a 936.369514754 2.386e-04 7
0 0 0 0 0 0 12 3 9 s 938.420971228 7.993e-04 17
0 0 0 0 0 0 12 3 9 a 938.694148600 1.407e-03 17
0 0 0 0 0 0 12 4 9 s 939.769949172 1.381e-03 15
0 0 0 0 0 0 11 7 5 s 939.971028269 7.565e-04 15
0 0 0 0 0 0 12 4 9 a 940.049013147 8.073e-04 17
0 1 0 0 0 0 3 0 3 s 940.056291273 2.709e-04 7
0 0 0 0 0 0 11 7 4 s 940.081887624 7.441e-04 15
0 0 0 0 0 0 11 7 5 a 940.202315649 1.293e-03 9
0 0 0 0 0 0 11 7 4 a 940.312626085 1.314e-03 10
0 0 0 0 0 0 10 9 1 s 941.071336552 6.929e-04 7
0 0 0 0 0 0 10 9 2 s 941.071372187 7.051e-04 6
0 1 0 0 0 0 3 1 3 s 941.133516673 2.003e-04 8
0 0 0 0 0 0 10 9 2 a 941.279940941 1.174e-03 7
0 0 0 0 0 0 10 9 1 a 941.280009514 1.217e-03 5
0 1 0 0 0 0 2 2 1 a 946.358025597 2.002e-04 11
0 1 0 0 0 0 2 2 0 a 946.863612029 2.001e-04 9
0 1 0 0 0 0 3 1 2 s 951.691853092 2.002e-04 9
0 1 0 0 0 0 3 2 2 s 959.282223764 2.942e-04 7
0 1 0 0 0 0 3 0 3 a 960.357512273 2.102e-04 9
0 0 0 0 0 0 13 1 12 s 960.540102579 8.819e-04 12
0 0 0 0 0 0 13 2 12 s 960.540765464 1.544e-03 9
0 0 0 0 0 0 13 1 12 a 960.944788317 1.547e-03 8
0 0 0 0 0 0 13 2 12 a 960.946085435 8.826e-04 9
0 1 0 0 0 0 3 1 3 a 961.804834987 3.249e-04 7
0 1 0 0 0 0 3 2 1 s 962.078382813 2.475e-04 10
0 1 0 0 0 0 3 1 2 a 971.611244154 2.580e-04 8
0 0 0 0 0 0 12 4 8 s 975.070803243 1.409e-03 15
0 0 0 0 0 0 12 4 8 a 975.296487304 7.998e-04 14
0 1 0 0 0 0 3 2 2 a 978.967562042 2.003e-04 10
0 1 0 0 0 0 4 0 4 s 980.328778904 3.994e-04 5
0 1 0 0 0 0 3 2 1 a 980.702512842 2.002e-04 7
0 1 0 0 0 0 4 1 4 s 980.774306258 2.004e-04 9
0 1 0 0 0 0 3 3 1 s 981.950548223 2.095e-04 7
0 1 0 0 0 0 3 3 0 s 982.615349899 2.002e-04 10
0 0 0 0 0 0 12 5 8 s 984.224090144 8.071e-04 15
0 0 0 0 0 0 12 5 8 a 984.468908254 1.383e-03 13
0 1 0 0 0 0 4 1 3 s 997.486734251 2.288e-04 11
0 0 0 0 0 0 11 8 4 s 997.705815424 1.287e-03 9
0 0 0 0 0 0 11 8 3 s 997.710265471 1.312e-03 8
0 0 0 0 0 0 11 8 4 a 997.923335448 7.518e-04 7
0 0 0 0 0 0 11 8 3 a 997.927843740 7.492e-04 12
0 1 0 0 0 0 4 1 4 a 1000.468916373 3.432e-04 7
0 1 0 0 0 0 3 3 1 a 1000.596121481 3.069e-04 9
0 1 0 0 0 0 3 3 0 a 1000.694037130 4.598e-04 7
0 0 0 0 0 0 12 5 7 s 1000.791485853 8.020e-04 17
0 0 0 0 0 0 12 5 7 a 1000.997140477 1.406e-03 11
0 1 0 0 0 0 4 0 4 a 1001.166972614 3.532e-04 7
0 1 0 0 0 0 4 2 3 s 1004.012544468 3.210e-04 8
0 1 0 0 0 0 4 2 2 s 1009.328254785 5.532e-04 8
0 0 0 0 0 0 10 10 1 s 1016.244058680 1.175e-03 2
0 0 0 0 0 0 10 10 0 s 1016.244079456 1.257e-03 2
0 0 0 0 0 0 10 10 1 a 1016.432113166 7.093e-04 5
0 0 0 0 0 0 10 10 0 a 1016.432124733 7.019e-04 5
0 1 0 0 0 0 4 1 3 a 1017.797156526 3.558e-04 9
0 0 0 0 0 0 14 0 14 s 1021.841244737 1.644e-03 5
0 0 0 0 0 0 14 1 14 s 1021.841542030 9.545e-04 7
0 1 0 0 0 0 4 2 3 a 1022.325974755 2.004e-04 10
0 0 0 0 0 0 14 1 14 a 1022.367369066 1.644e-03 4
0 0 0 0 0 0 14 0 14 a 1022.367660665 9.624e-04 4
0 0 0 0 0 0 13 2 11 s 1024.793854012 1.505e-03 12
0 0 0 0 0 0 13 3 11 s 1024.826849760 8.609e-04 16
0 0 0 0 0 0 13 2 11 a 1025.124252240 8.562e-04 12
0 0 0 0 0 0 13 3 11 a 1025.157110313 1.474e-03 11
0 1 0 0 0 0 4 3 1 s 1026.281438024 3.563e-04 10
0 1 0 0 0 0 4 3 2 s 1027.007381681 2.978e-04 12
0 0 0 0 0 0 12 6 7 s 1027.535238440 1.381e-03 12
0 0 0 0 0 0 12 6 7 a 1027.762743638 8.088e-04 13
0 1 0 0 0 0 4 2 2 a 1029.606003195 2.712e-04 11
0 1 0 0 0 0 5 0 5 s 1029.637413623 6.129e-04 6
0 1 0 0 0 0 5 1 5 s 1029.801593527 3.272e-04 8
0 0 0 0 0 0 12 6 6 s 1031.325613958 1.408e-03 10
0 0 0 0 0 0 12 6 6 a 1031.539498515 8.030e-04 13
0 1 0 0 0 0 4 3 2 a 1045.139691979 5.571e-04 9
0 1 0 0 0 0 4 3 1 a 1045.779882035 6.557e-04 10
0 1 0 0 0 0 5 0 5 a 1049.532704645 3.805e-04 8
0 1 0 0 0 0 5 1 5 a 1049.899756259 6.647e-04 5
0 1 0 0 0 0 5 1 4 s 1054.798583075 3.018e-04 13
0 1 0 0 0 0 4 4 1 s 1055.998235099 6.789e-04 8
0 1 0 0 0 0 4 4 0 s 1056.023031296 7.731e-04 6
0 1 0 0 0 0 5 2 4 s 1057.657979905 6.183e-04 8
0 0 0 0 0 0 11 9 3 s 1064.005349495 7.579e-04 7
0 0 0 0 0 0 11 9 2 s 1064.005549877 7.558e-04 7
0 0 0 0 0 0 11 9 3 a 1064.205381492 1.281e-03 7
0 0 0 0 0 0 11 9 2 a 1064.205582560 1.320e-03 8
0 1 0 0 0 0 5 2 3 s 1068.365456966 6.231e-04 8
0 1 0 0 0 0 4 4 1 a 1073.995157464 3.820e-04 10
0 1 0 0 0 0 4 4 0 a 1074.010466889 4.058e-04 8
0 1 0 0 0 0 5 1 4 a 1074.283876913 7.868e-04 7
0 0 0 0 0 0 12 7 6 s 1075.993986125 8.074e-04 14
0 1 0 0 0 0 5 2 4 a 1076.058106845 3.606e-04 11
0 0 0 0 0 0 12 7 6 a 1076.210624566 1.384e-03 13
0 0 0 0 0 0 12 7 5 s 1076.382699043 7.972e-04 16
0 0 0 0 0 0 12 7 5 a 1076.597672369 1.409e-03 11
0 0 0 0 0 0 13 3 10 s 1080.599196653 8.484e-04 16
0 0 0 0 0 0 13 3 10 a 1080.870480234 1.501e-03 13
0 0 0 0 0 0 13 4 10 s 1081.172935305 1.477e-03 11
0 0 0 0 0 0 13 4 10 a 1081.447386099 8.558e-04 15
0 1 0 0 0 0 5 3 3 s 1083.125173696 3.591e-04 12
0 1 0 0 0 0 5 3 2 s 1084.011915392 3.671e-04 12
0 1 0 0 0 0 6 0 6 s 1088.041427359 7.162e-04 5
0 1 0 0 0 0 6 1 6 s 1088.097608052 4.047e-04 7
0 1 0 0 0 0 5 2 3 a 1088.826763742 3.030e-04 11
0 0 0 0 0 0 14 2 13 s 1099.677638108 1.636e-03 8
0 0 0 0 0 0 14 1 13 s 1099.677685591 9.369e-04 8
0 0 0 0 0 0 14 1 13 a 1100.092179219 1.639e-03 7
0 0 0 0 0 0 14 2 13 a 1100.092827125 9.375e-04 6
0 1 0 0 0 0 5 3 3 a 1100.798055256 6.014e-04 9
0 1 0 0 0 0 5 3 2 a 1103.047267962 6.182e-04 9
0 1 0 0 0 0 6 0 6 a 1108.398251200 3.933e-04 6
0 1 0 0 0 0 6 1 6 a 1108.490985355 7.430e-04 5
0 1 0 0 0 0 5 4 2 s 1112.348633865 7.333e-04 7
0 1 0 0 0 0 5 4 1 s 1112.562483862 6.416e-04 7
0 1 0 0 0 0 6 1 5 s 1119.927236179 3.802e-04 13
0 1 0 0 0 0 6 2 5 s 1121.360479138 6.325e-04 7
0 0 0 0 0 0 13 4 9 s 1125.031789901 1.500e-03 12
0 0 0 0 0 0 13 4 9 a 1125.251567178 8.502e-04 14
0 1 0 0 0 0 5 4 2 a 1129.811009399 4.737e-04 9
0 1 0 0 0 0 5 4 1 a 1129.944567051 4.047e-04 9
0 0 0 0 0 0 13 5 9 s 1130.167334606 8.577e-04 14
0 0 0 0 0 0 13 5 9 a 1130.401537860 1.476e-03 13
0 0 0 0 0 0 12 8 5 s 1132.789521440 1.386e-03 9
0 0 0 0 0 0 12 8 4 s 1132.811445536 1.413e-03 9
0 0 0 0 0 0 12 8 5 a 1132.995107423 8.122e-04 9
0 0 0 0 0 0 12 8 4 a 1133.016988588 7.987e-04 11
0 1 0 0 0 0 6 1 5 a 1136.973313844 6.966e-04 8
0 0 0 0 0 0 11 10 1 s 1138.640466046 1.316e-03 5
0 0 0 0 0 0 11 10 2 s 1138.640552464 1.281e-03 6
0 0 0 0 0 0 11 10 1 a 1138.821823711 7.557e-04 7
0 0 0 0 0 0 11 10 2 a 1138.821891690 7.579e-04 7
0 1 0 0 0 0 6 2 5 a 1139.770750707 3.742e-04 8
0 1 0 0 0 0 6 2 4 s 1141.772642756 8.132e-04 6
0 1 0 0 0 0 5 5 1 s 1149.626778487 6.554e-04 7
0 1 0 0 0 0 5 5 0 s 1149.629243046 6.818e-04 6
0 1 0 0 0 0 6 3 4 s 1150.111733228 4.341e-04 10
0 1 0 0 0 0 6 3 3 s 1154.195913115 4.391e-04 8
0 0 0 0 0 0 13 5 8 s 1155.426634080 8.501e-04 15
0 1 0 0 0 0 7 0 7 s 1155.580082626 1.006e-03 5
0 1 0 0 0 0 7 1 7 s 1155.598387446 5.631e-04 5
0 0 0 0 0 0 13 5 8 a 1155.612439602 1.496e-03 10
0 1 0 0 0 0 6 2 4 a 1159.712026290 4.642e-04 11
0 0 0 0 0 0 15 0 15 s 1164.274491760 1.825e-03 3
0 0 0 0 0 0 15 1 15 s 1164.274623803 1.010e-03 4
0 0 0 0 0 0 15 1 15 a 1164.824606049 1.750e-03 4
0 0 0 0 0 0 15 0 15 a 1164.824738021 1.063e-03 3
0 1 0 0 0 0 5 5 1 a 1166.621644392 8.369e-04 5
0 1 0 0 0 0 5 5 0 a 1166.623155760 8.991e-04 4
0 1 0 0 0 0 6 3 4 a 1167.365839949 7.876e-04 7
0 0 0 0 0 0 14 2 12 s 1169.758407657 1.589e-03 10
0 0 0 0 0 0 14 3 12 s 1169.770039387 9.068e-04 13
0 0 0 0 0 0 14 2 12 a 1170.091394202 8.999e-04 11
0 0 0 0 0 0 14 3 12 a 1170.102474019 1.564e-03 8
0 1 0 0 0 0 6 3 3 a 1172.828833193 7.711e-04 6
0 0 0 0 0 0 13 6 8 s 1175.515330690 1.476e-03 10
0 0 0 0 0 0 13 6 8 a 1175.727475682 8.578e-04 11
0 1 0 0 0 0 7 0 7 a 1176.284211622 5.177e-04 6
0 1 0 0 0 0 7 1 7 a 1176.312035886 1.011e-03 5
0 1 0 0 0 0 6 4 3 s 1180.149633008 7.623e-04 8
0 1 0 0 0 0 6 4 2 s 1181.124933313 1.012e-03 8
0 0 0 0 0 0 13 6 7 s 1183.606748471 1.498e-03 13
0 0 0 0 0 0 13 6 7 a 1183.794362390 8.506e-04 11
0 1 0 0 0 0 7 1 6 s 1194.077840276 5.149e-04 9
0 1 0 0 0 0 7 2 6 s 1194.686381233 9.045e-04 7
0 1 0 0 0 0 6 4 3 a 1196.996107413 4.509e-04 9
0 1 0 0 0 0 6 4 2 a 1197.620232112 4.250e-04 10
0 0 0 0 0 0 12 9 4 s 1198.310050314 8.062e-04 8
0 0 0 0 0 0 12 9 3 s 1198.310580760 8.060e-04 10
0 0 0 0 0 0 12 9 4 a 1198.500486875 1.386e-03 5
0 0 0 0 0 0 12 9 3 a 1198.501053024 1.419e-03 5
0 1 0 0 0 0 7 1 6 a 1212.195541187 9.906e-04 5
0 1 0 0 0 0 7 2 6 a 1213.134945661 5.199e-04 9
0 1 0 0 0 0 6 5 2 s 1217.042162493 5.588e-04 9
0 1 0 0 0 0 6 5 1 s 1217.075143181 5.198e-04 10
0 0 0 0 0 0 11 11 1 s 1221.470119281 7.668e-04 3
0 0 0 0 0 0 11 11 0 s 1221.470139990 7.593e-04 3
0 0 0 0 0 0 11 11 1 a 1221.630967660 1.282e-03 3
0 0 0 0 0 0 11 11 0 a 1221.631014774 1.359e-03 3
0 1 0 0 0 0 7 2 5 s 1221.925061512 9.459e-04 8
0 0 0 0 0 0 13 7 7 s 1223.698264697 8.558e-04 10
0 0 0 0 0 0 13 7 7 a 1223.899176225 1.476e-03 9
0 0 0 0 0 0 13 7 6 s 1224.857924274 8.462e-04 14
0 0 0 0 0 0 13 7 6 a 1225.054228944 1.501e-03 10
0 1 0 0 0 0 7 3 5 s 1227.649811168 5.132e-04 8
0 0 0 0 0 0 14 3 11 s 1231.628495673 8.999e-04 14
0 0 0 0 0 0 14 4 11 s 1231.857583706 1.567e-03 9
0 0 0 0 0 0 14 3 11 a 1231.898192377 1.588e-03 8
0 0 0 0 0 0 14 4 11 a 1232.129029948 9.068e-04 14
0 1 0 0 0 0 8 0 8 s 1232.260551679 1.009e-03 4
0 1 0 0 0 0 8 1 8 s 1232.266457566 6.123e-04 5
0 1 0 0 0 0 6 5 2 a 1233.510332564 8.727e-04 8
0 1 0 0 0 0 6 5 1 a 1233.533673971 1.013e-03 7
0 1 0 0 0 0 7 3 4 s 1236.082397025 5.370e-04 10
0 1 0 0 0 0 7 2 5 a 1241.899363775 5.147e-04 11
0 1 0 0 0 0 7 3 5 a 1244.542856189 8.758e-04 8
0 0 0 0 0 0 15 1 14 s 1247.971121364 9.945e-04 6
0 0 0 0 0 0 15 2 14 s 1247.971195036 1.722e-03 6
0 0 0 0 0 0 15 1 14 a 1248.397420692 1.678e-03 6
0 0 0 0 0 0 15 2 14 a 1248.397728219 9.604e-04 7
0 1 0 0 0 0 8 0 8 a 1253.342937911 6.231e-04 5
0 1 0 0 0 0 8 1 8 a 1253.351486685 1.010e-03 3
0 1 0 0 0 0 7 3 4 a 1254.883089395 9.462e-04 2
0 1 0 0 0 0 7 4 4 s 1259.305189165 9.182e-04 8
0 1 0 0 0 0 7 4 3 s 1262.333657451 8.801e-04 8
0 1 0 0 0 0 6 6 1 s 1262.591507151 3.145e-03 2
0 1 0 0 0 0 6 6 0 s 1262.592110728 3.135e-03 2
0 0 0 0 0 0 12 10 3 s 1272.297818795 1.381e-03 6
0 0 0 0 0 0 12 10 2 s 1272.297985207 1.411e-03 5
0 0 0 0 0 0 12 10 2 a 1272.471778247 8.009e-04 5
0 0 0 0 0 0 12 10 3 a 1272.471895841 8.098e-04 5
0 1 0 0 0 0 7 4 4 a 1275.502515351 5.571e-04 6
0 1 0 0 0 0 8 1 7 s 1277.160901609 6.208e-04 9
0 1 0 0 0 0 8 2 7 s 1277.395087248 1.084e-03 6
0 1 0 0 0 0 7 4 3 a 1277.532350394 5.215e-04 8
0 1 0 0 0 0 6 6 1 a 1278.423481607 7.076e-04 4
0 1 0 0 0 0 6 6 0 a 1278.423596218 8.322e-04 4
0 0 0 0 0 0 13 8 6 s 1279.460377082 1.482e-03 7
0 0 0 0 0 0 13 8 5 s 1279.547522536 1.500e-03 9
0 0 0 0 0 0 13 8 6 a 1279.652780096 8.552e-04 8
0 0 0 0 0 0 13 8 5 a 1279.739637605 8.500e-04 11
0 0 0 0 0 0 14 4 10 s 1283.416381851 1.586e-03 12
0 0 0 0 0 0 14 4 10 a 1283.633305728 8.999e-04 14
0 0 0 0 0 0 14 5 10 s 1285.981583673 9.068e-04 12
0 0 0 0 0 0 14 5 10 a 1286.207339967 1.567e-03 10
0 1 0 0 0 0 8 1 7 a 1295.582407313 1.032e-03 6
0 1 0 0 0 0 8 2 7 a 1295.922288380 5.891e-04 7
0 1 0 0 0 0 7 5 3 s 1295.969698776 5.671e-04 9
0 1 0 0 0 0 7 5 2 s 1296.155814855 5.560e-04 9
0 1 0 0 0 0 7 5 3 a 1311.811696819 9.807e-04 4
0 1 0 0 0 0 7 5 2 a 1311.945755558 8.380e-04 6
0 1 0 0 0 0 8 2 6 s 1312.211102657 1.002e-03 8
0 1 0 0 0 0 8 3 6 s 1315.354996678 6.183e-04 5
0 0 0 0 0 0 16 0 16 s 1315.830374562 1.976e-03 3
0 0 0 0 0 0 16 1 16 s 1315.830439546 1.128e-03 3
0 0 0 0 0 0 16 1 16 a 1316.407417472 2.054e-03 2
0 0 0 0 0 0 16 0 16 a 1316.407482503 1.074e-03 3
0 1 0 0 0 0 9 0 9 s 1318.074175613 1.273e-03 2
0 1 0 0 0 0 9 1 9 s 1318.075336358 7.150e-04 3
0 0 0 0 0 0 14 5 9 s 1320.773033620 8.999e-04 14
0 0 0 0 0 0 14 5 9 a 1320.945235282 1.581e-03 8
0 0 0 0 0 0 15 2 13 s 1323.855111078 1.672e-03 5
0 0 0 0 0 0 15 3 13 s 1323.859246950 9.604e-04 8
0 0 0 0 0 0 15 2 13 a 1324.191678659 9.539e-04 9
0 0 0 0 0 0 15 3 13 a 1324.195130978 1.648e-03 4
0 1 0 0 0 0 8 2 6 a 1327.577481186 6.074e-04 9
0 1 0 0 0 0 8 3 6 a 1331.965946804 1.007e-03 6
0 0 0 0 0 0 14 6 9 s 1334.415059884 1.563e-03 9
0 0 0 0 0 0 14 6 9 a 1334.613461568 9.068e-04 10
0 1 0 0 0 0 8 3 5 s 1335.769019866 5.939e-04 8
0 1 0 0 0 0 9 0 9 a 1339.590127865 6.681e-04 5
0 1 0 0 0 0 9 1 9 a 1339.592178156 3.216e-03 1
0 1 0 0 0 0 7 6 2 s 1340.995360909 3.120e-03 2
0 1 0 0 0 0 7 6 1 s 1341.000820072 3.079e-03 3
0 0 0 0 0 0 13 9 5 s 1344.038977103 8.554e-04 8
0 0 0 0 0 0 13 9 4 s 1344.042959306 8.671e-04 6
0 0 0 0 0 0 13 9 5 a 1344.218840150 1.480e-03 5
0 0 0 0 0 0 13 9 4 a 1344.222756858 1.505e-03 4
0 1 0 0 0 0 8 3 5 a 1348.779357125 9.907e-04 6
0 0 0 0 0 0 14 6 8 s 1349.130610346 1.582e-03 9
0 0 0 0 0 0 14 6 8 a 1349.292631049 8.979e-04 10
0 1 0 0 0 0 8 4 5 s 1349.590702466 9.436e-04 6
0 0 0 0 0 0 12 11 2 s 1354.556051972 8.042e-04 4
0 0 0 0 0 0 12 11 1 s 1354.556092334 8.104e-04 4
0 0 0 0 0 0 12 11 1 a 1354.710968438 1.421e-03 3
0 0 0 0 0 0 12 11 2 a 1354.710990052 1.381e-03 4
0 1 0 0 0 0 7 6 2 a 1356.304686787 6.600e-04 9
0 1 0 0 0 0 7 6 1 a 1356.307956603 5.845e-04 6
0 1 0 0 0 0 8 4 4 s 1356.488353496 9.935e-04 8
0 1 0 0 0 0 8 4 5 a 1365.156546268 5.834e-04 8
0 1 0 0 0 0 9 1 8 s 1369.262076060 6.797e-04 5
0 1 0 0 0 0 9 2 8 s 1369.346419913 1.137e-03 3
0 1 0 0 0 0 8 4 4 a 1370.181076125 6.046e-04 9
0 0 0 0 0 0 14 7 8 s 1383.009866777 9.063e-04 9
0 0 0 0 0 0 14 7 8 a 1383.194834889 1.568e-03 9
0 0 0 0 0 0 14 7 7 s 1385.988227519 8.979e-04 9
0 0 0 0 0 0 14 7 7 a 1386.162478476 1.587e-03 9
0 1 0 0 0 0 8 5 4 s 1386.454941756 5.925e-04 7
0 1 0 0 0 0 8 5 3 s 1387.192114110 5.810e-04 8
0 1 0 0 0 0 9 1 8 a 1387.874056035 1.139e-03 6
0 1 0 0 0 0 9 2 8 a 1387.995404488 6.922e-04 6
0 0 0 0 0 1 0 0 0 s 1389.906527622 1.000e-03 1
0 0 0 0 0 1 0 0 0 a 1390.495091760 1.000e-03 1
0 0 0 0 0 0 15 3 12 s 1391.627917110 9.539e-04 9
0 0 0 0 0 0 15 4 12 s 1391.714907285 1.650e-03 7
0 0 0 0 0 0 15 3 12 a 1391.896413298 1.668e-03 7
0 0 0 0 0 0 15 4 12 a 1391.984512929 9.604e-04 12
0 1 0 0 0 0 7 7 1 s 1394.738754279 8.145e-04 3
0 1 0 0 0 0 7 7 0 s 1394.750924888 3.115e-03 2
0 0 0 0 0 1 1 0 1 s 1400.988146770 1.000e-03 2
0 0 0 0 0 1 1 0 1 a 1401.573874564 1.000e-03 2
0 1 0 0 0 0 8 5 4 a 1401.586597714 1.018e-03 4
0 1 0 0 0 0 8 5 3 a 1402.127134924 9.896e-04 5
0 0 0 0 0 1 1 1 1 s 1404.579902996 1.000e-03 2
0 0 0 0 0 1 1 1 1 a 1405.156307018 1.000e-03 3
0 0 0 0 0 0 16 2 15 s 1405.390989936 1.796e-03 5
0 0 0 0 0 0 16 1 15 s 1405.391111625 1.048e-03 5
0 0 0 0 0 0 16 1 15 a 1405.830490020 1.868e-03 3
0 0 0 0 0 0 16 2 15 a 1405.830662527 1.016e-03 4
0 0 0 0 0 1 1 1 0 s 1406.438596203 1.000e-03 2
0 0 0 0 0 1 1 1 0 a 1407.009037531 1.000e-03 2
0 1 0 0 0 0 7 7 1 a 1409.309547847 1.052e-03 4
0 1 0 0 0 0 7 7 0 a 1409.309811326 1.180e-03 3
0 1 0 0 0 0 9 2 7 s 1411.369053955 1.118e-03 4
0 1 0 0 0 0 9 3 7 s 1412.853628917 6.495e-04 7
0 1 0 0 0 0 10 0 10 s 1412.999023961 1.390e-03 3
0 1 0 0 0 0 10 1 10 s 1412.999759623 7.914e-04 3
0 0 0 0 0 0 13 10 4 s 1417.252267646 1.482e-03 6
0 0 0 0 0 0 13 10 3 s 1417.252470822 1.522e-03 3
0 0 0 0 0 0 13 10 4 a 1417.417936900 8.631e-04 5
0 0 0 0 0 0 13 10 3 a 1417.418129677 8.594e-04 5
0 0 0 0 0 1 2 0 2 s 1422.593003976 1.000e-03 3
0 0 0 0 0 1 2 0 2 a 1423.174524047 1.000e-03 3
0 0 0 0 0 1 2 1 2 s 1424.879391935 1.000e-03 3
0 0 0 0 0 1 2 1 2 a 1425.454897550 1.000e-03 4
0 1 0 0 0 0 9 2 7 a 1427.260583626 6.622e-04 6
0 1 0 0 0 0 9 3 7 a 1429.267401906 1.166e-03 4
0 0 0 0 0 1 2 1 1 s 1430.452607227 1.000e-03 3
0 1 0 0 0 0 8 6 3 s 1430.866483853 1.018e-03 3
0 1 0 0 0 0 8 6 2 s 1430.899600365 1.003e-03 2
0 0 0 0 0 1 2 1 1 a 1431.011914364 1.000e-03 3
0 1 0 0 0 0 10 1 10 a 1435.016610169 1.370e-03 2
0 1 0 0 0 0 10 0 10 a 1435.017160846 7.975e-04 2
0 0 0 0 0 0 14 8 7 s 1437.780566103 1.569e-03 7
0 0 0 0 0 0 14 8 7 a 1437.958717930 9.063e-04 9
0 0 0 0 0 0 14 8 6 s 1438.075925093 1.583e-03 6
0 0 0 0 0 0 14 8 6 a 1438.252914322 8.979e-04 11
0 1 0 0 0 0 9 3 6 s 1441.085630978 6.311e-04 7
0 0 0 0 0 1 2 2 1 s 1441.216373479 1.000e-03 3
0 0 0 0 0 1 2 2 1 a 1441.746860186 1.000e-03 3
0 0 0 0 0 1 2 2 0 s 1441.771169484 1.000e-03 3
0 0 0 0 0 1 2 2 0 a 1442.300202974 1.000e-03 3
0 0 0 0 0 0 12 12 1 s 1444.967082251 1.383e-03 2
0 0 0 0 0 0 12 12 0 s 1444.967116399 1.453e-03 2
0 0 0 0 0 0 12 12 0 a 1445.103491315 8.125e-04 3
0 0 0 0 0 0 12 12 1 a 1445.103508734 8.208e-04 3
0 1 0 0 0 0 8 6 3 a 1445.561429817 5.821e-04 7
0 1 0 0 0 0 8 6 2 a 1445.586385160 5.828e-04 4
0 0 0 0 0 0 15 4 11 s 1450.154842929 1.665e-03 9
0 0 0 0 0 0 15 4 11 a 1450.369573354 9.539e-04 8
0 1 0 0 0 0 9 4 6 s 1450.673357583 1.069e-03 5
0 0 0 0 0 0 15 5 11 s 1451.323065349 9.604e-04 11
0 0 0 0 0 0 15 5 11 a 1451.542297600 1.648e-03 7
0 0 0 0 0 1 3 0 3 s 1453.869747916 1.000e-03 3
0 1 0 0 0 0 9 3 6 a 1454.060249007 1.102e-03 4
0 0 0 0 0 1 3 0 3 a 1454.447485637 1.000e-03 3
0 0 0 0 0 1 3 1 3 s 1455.017317937 1.000e-03 3
0 0 0 0 0 1 3 1 3 a 1455.593034625 1.000e-03 4
0 1 0 0 0 0 9 4 5 s 1463.149661060 1.108e-03 5
0 1 0 0 0 0 9 4 6 a 1465.667296366 8.266e-04 8
0 0 0 0 0 1 3 1 2 s 1466.047791334 1.000e-03 3
0 0 0 0 0 1 3 1 2 a 1466.591417961 1.000e-03 3
0 1 0 0 0 0 10 1 9 s 1470.432157255 7.250e-04 5
0 1 0 0 0 0 10 2 9 s 1470.460920400 1.238e-03 5
0 0 0 0 0 1 3 2 2 s 1474.431218340 1.000e-03 5
0 0 0 0 0 1 3 2 2 a 1474.954336054 1.000e-03 4
0 1 0 0 0 0 9 4 5 a 1475.633606402 6.438e-04 6
0 0 0 0 0 0 17 1 17 s 1476.476225934 1.161e-03 5
0 0 0 0 0 0 17 0 17 s 1476.476244573 1.894e-03 4
0 0 0 0 0 1 3 2 1 s 1476.937926368 1.002e-03 3
0 0 0 0 0 0 17 0 17 a 1477.083421056 1.132e-03 3
0 0 0 0 0 0 17 1 17 a 1477.083439628 1.972e-03 2
0 0 0 0 0 1 3 2 1 a 1477.453676735 1.071e-03 2
0 1 0 0 0 0 8 7 2 s 1484.078050619 3.059e-03 3
0 1 0 0 0 0 8 7 1 s 1484.078981016 3.046e-03 3
0 0 0 0 0 0 16 2 14 s 1487.062790799 1.789e-03 3
0 0 0 0 0 0 16 3 14 s 1487.064052180 1.016e-03 4
0 0 0 0 0 0 16 2 14 a 1487.403712996 1.010e-03 6
0 0 0 0 0 0 16 3 14 a 1487.404918753 1.763e-03 4
0 1 0 0 0 0 9 5 5 s 1488.448916852 6.694e-04 6
0 1 0 0 0 0 10 1 9 a 1489.236290284 1.244e-03 5
0 1 0 0 0 0 10 2 9 a 1489.278496782 7.220e-04 6
0 1 0 0 0 0 9 5 4 s 1490.693002228 6.660e-04 5
0 0 0 0 0 1 4 0 4 s 1494.265656649 1.000e-03 3
0 0 0 0 0 1 4 1 4 s 1494.746030049 1.000e-03 3
0 0 0 0 0 1 4 0 4 a 1494.842327301 1.000e-03 2
0 0 0 0 0 1 4 1 4 a 1495.321341207 1.000e-03 3
0 0 0 0 0 0 15 5 10 s 1495.541262775 9.519e-04 9
0 0 0 0 0 0 15 5 10 a 1495.706080053 1.670e-03 7
0 0 0 0 0 1 3 3 1 s 1497.289221803 1.000e-03 3
0 0 0 0 0 1 3 3 0 s 1497.397645684 1.000e-03 2
0 0 0 0 0 1 3 3 1 a 1497.753280120 1.000e-03 3
0 0 0 0 0 1 3 3 0 a 1497.861622282 1.000e-03 3
0 1 0 0 0 0 8 7 1 a 1498.120856926 3.170e-03 1
0 1 0 0 0 0 8 7 2 a 1498.121225286 1.087e-03 2
0 0 0 0 0 0 13 11 2 s 1498.840049413 8.501e-04 5
0 0 0 0 0 0 13 11 3 s 1498.840088562 8.669e-04 6
0 0 0 0 0 0 13 11 2 a 1498.988627824 1.508e-03 5
0 0 0 0 0 0 13 11 3 a 1498.988637262 1.481e-03 4
0 0 0 0 0 0 14 9 6 s 1501.252336659 9.063e-04 8
0 0 0 0 0 0 14 9 5 s 1501.269941111 9.014e-04 7
0 0 0 0 0 0 14 9 6 a 1501.420730080 1.566e-03 5
0 0 0 0 0 0 14 9 5 a 1501.438169031 1.586e-03 5
0 1 0 0 0 0 9 5 5 a 1502.820309759 1.077e-03 5
0 0 0 0 0 0 15 6 10 s 1503.789649124 1.649e-03 9
0 0 0 0 0 0 15 6 10 a 1503.976240382 9.599e-04 8
0 1 0 0 0 0 9 5 4 a 1504.510450078 1.112e-03 6
0 0 0 0 0 1 4 1 3 s 1512.577543257 1.114e-03 2
0 0 0 0 0 1 4 1 3 a 1513.103299573 1.027e-03 3
0 1 0 0 0 0 11 0 11 s 1517.015359221 1.369e-03 3
0 1 0 0 0 0 11 1 11 s 1517.015691392 7.975e-04 3
0 0 0 0 0 1 4 2 3 s 1518.267527183 1.002e-03 4
0 0 0 0 0 1 4 2 3 a 1518.780298839 1.125e-03 2
0 1 0 0 0 0 10 2 8 s 1519.211900463 1.245e-03 3
0 1 0 0 0 0 10 3 8 s 1519.841900595 7.173e-04 6
0 0 0 0 0 1 4 2 2 s 1524.647337056 1.025e-03 3
0 0 0 0 0 1 4 2 2 a 1525.143298185 1.086e-03 2
0 0 0 0 0 0 15 6 9 s 1527.145007519 1.666e-03 7
0 0 0 0 0 0 15 6 9 a 1527.285534670 9.519e-04 9
0 1 0 0 0 0 9 6 4 s 1532.289148236 1.072e-03 4
0 1 0 0 0 0 9 6 3 s 1532.444430860 1.143e-03 4
0 1 0 0 0 0 10 2 8 a 1535.286319142 7.175e-04 5
0 1 0 0 0 0 10 3 8 a 1536.133150021 1.202e-03 4
0 1 0 0 0 0 11 1 11 a 1539.605312929 1.364e-03 4
0 1 0 0 0 0 11 0 11 a 1539.605641517 7.970e-04 4
0 0 0 0 0 1 4 3 2 s 1542.379614086 1.139e-03 2
0 0 0 0 0 1 4 3 2 a 1542.832632637 1.002e-03 5
0 0 0 0 0 1 4 3 1 s 1543.096211233 1.067e-03 4
0 0 0 0 0 1 4 3 1 a 1543.548973994 1.002e-03 3
0 0 0 0 0 1 5 0 5 s 1543.693490336 1.064e-03 3
0 0 0 0 0 1 5 1 5 s 1543.871253712 1.192e-03 2
0 0 0 0 0 1 5 0 5 a 1544.271340334 1.183e-03 2
0 0 0 0 0 1 5 1 5 a 1544.449899212 1.059e-03 2
0 1 0 0 0 0 8 8 0 s 1545.947349996 3.172e-03 1
0 1 0 0 0 0 8 8 1 s 1545.947435189 3.175e-03 1
0 1 0 0 0 0 9 6 4 a 1546.283239692 6.516e-04 3
0 1 0 0 0 0 9 6 3 a 1546.400949055 6.663e-04 3
0 0 0 0 0 0 15 7 9 s 1553.730752450 9.599e-04 8
0 0 0 0 0 0 15 7 9 a 1553.900176221 1.647e-03 7
0 1 0 0 0 0 10 3 7 s 1556.428839689 7.040e-04 7
0 1 0 0 0 0 8 8 1 a 1559.168635074 7.549e-04 3
0 1 0 0 0 0 8 8 0 a 1559.168984119 7.458e-04 2
0 0 0 0 0 0 15 7 8 s 1560.319634354 9.519e-04 8
0 0 0 0 0 0 15 7 8 a 1560.468882549 1.667e-03 7
0 0 0 0 0 0 16 3 13 s 1560.648079057 1.010e-03 7
0 0 0 0 0 0 16 4 13 s 1560.679695247 1.728e-03 4
0 0 0 0 0 0 16 3 13 a 1560.916256486 1.743e-03 6
0 0 0 0 0 0 16 4 13 a 1560.948491586 1.016e-03 7
0 1 0 0 0 0 10 4 7 s 1562.151312263 1.196e-03 4
0 0 0 0 0 1 5 1 4 s 1569.113862892 1.085e-03 4
0 1 0 0 0 0 10 3 7 a 1569.583678742 1.240e-03 4
0 0 0 0 0 1 5 1 4 a 1569.622085202 1.025e-03 4
0 0 0 0 0 0 17 2 16 s 1571.904809603 2.030e-03 2
0 0 0 0 0 0 17 1 16 s 1571.904907584 1.132e-03 3
0 0 0 0 0 0 17 1 16 a 1572.359271503 2.056e-03 2
0 0 0 0 0 0 17 2 16 a 1572.359378831 1.127e-03 3
0 0 0 0 0 1 5 2 4 s 1572.376981842 1.025e-03 4
0 0 0 0 0 1 5 2 4 a 1572.877521112 1.238e-03 2
0 0 0 0 0 1 4 4 1 s 1573.174556726 1.027e-03 3
0 0 0 0 0 1 4 4 0 s 1573.192198096 1.025e-03 3
0 0 0 0 0 0 14 10 5 s 1573.544169009 1.576e-03 4
0 0 0 0 0 0 14 10 4 s 1573.544541233 1.590e-03 4
0 0 0 0 0 1 4 4 1 a 1573.552083062 1.170e-03 2
0 0 0 0 0 1 4 4 0 a 1573.569224925 1.168e-03 2
0 0 0 0 0 0 14 10 5 a 1573.700673412 9.065e-04 8
0 0 0 0 0 0 14 10 4 a 1573.701133575 8.988e-04 7
0 1 0 0 0 0 10 4 7 a 1576.662330119 7.359e-04 4
0 1 0 0 0 0 11 1 10 s 1580.683243315 8.059e-04 4
0 1 0 0 0 0 11 2 10 s 1580.692454494 1.368e-03 3
0 1 0 0 0 0 10 4 6 s 1581.746566726 1.228e-03 3
0 0 0 0 0 1 5 2 3 s 1584.521911125 1.064e-03 3
0 1 0 0 0 0 9 7 3 s 1584.797360564 6.839e-04 2
0 1 0 0 0 0 9 7 2 s 1584.807045435 3.073e-03 1
0 0 0 0 0 1 5 2 3 a 1584.992123942 1.169e-03 2
0 0 0 0 0 0 13 12 1 s 1588.639727634 1.523e-03 4
0 0 0 0 0 0 13 12 2 s 1588.639735850 1.474e-03 4
0 0 0 0 0 0 13 12 2 a 1588.771328559 8.548e-04 5
0 0 0 0 0 0 13 12 1 a 1588.771368607 8.659e-04 5
0 0 0 0 1 0 0 0 0 a 1590.997420388 1.000e-03 2
0 1 0 0 0 0 10 4 6 a 1593.387039574 6.945e-04 5
0 1 0 0 0 0 9 7 3 a 1598.254938163 1.097e-03 2
0 1 0 0 0 0 9 7 2 a 1598.258524462 1.087e-03 1
0 0 0 0 0 1 5 3 3 s 1598.705899846 1.264e-03 2
0 0 0 0 0 1 5 3 3 a 1599.145843302 1.027e-03 5
0 1 0 0 0 0 11 1 10 a 1599.713007566 1.367e-03 3
0 1 0 0 0 0 11 2 10 a 1599.727497963 7.844e-04 4
0 0 0 0 0 1 5 3 2 s 1601.256498945 1.169e-03 3
0 0 0 0 0 1 5 3 2 a 1601.690011696 1.025e-03 3
0 1 0 0 0 0 10 5 6 s 1601.773375107 7.059e-04 8
0 0 0 0 0 1 6 0 6 s 1602.216744168 1.044e-03 3
0 0 0 0 1 0 1 0 1 a 1602.269224954 4.605e-04 7
0 0 0 0 0 1 6 1 6 s 1602.278145868 1.110e-03 2
0 0 0 0 0 1 6 0 6 a 1602.799052035 1.113e-03 2
0 0 0 0 0 1 6 1 6 a 1602.861063314 1.045e-03 3
0 0 0 0 1 0 1 1 1 a 1605.396371553 1.132e-04 5
0 0 0 0 1 0 0 0 0 s 1605.639763313 1.002e-04 1
0 1 0 0 0 0 10 5 5 s 1607.209756845 7.152e-04 6
0 0 0 0 1 0 1 1 0 a 1607.228355868 2.219e-04 5
0 0 0 0 0 0 15 8 8 s 1607.778506762 1.652e-03 4
0 0 0 0 0 0 15 8 8 a 1607.941637628 9.599e-04 7
0 0 0 0 0 0 15 8 7 s 1608.650725097 1.665e-03 5
0 0 0 0 0 0 15 8 7 a 1608.810554429 9.519e-04 8
0 1 0 0 0 0 10 5 6 a 1615.382596960 1.241e-03 4
0 0 0 0 1 0 1 0 1 s 1616.929586185 3.161e-04 4
0 1 0 0 0 0 10 5 5 a 1619.644019124 1.245e-03 3
0 0 0 0 1 0 1 1 1 s 1620.096357228 3.148e-04 7
0 0 0 0 1 0 1 1 0 s 1621.990555769 2.156e-04 7
0 0 0 0 1 0 2 0 2 a 1624.198405323 1.437e-04 8
0 0 0 0 0 0 16 4 12 s 1625.448549818 1.744e-03 5
0 0 0 0 0 0 16 4 12 a 1625.661171320 1.008e-03 8
0 0 0 0 0 0 16 5 12 s 1625.944776930 1.016e-03 11
0 0 0 0 1 0 2 1 2 a 1626.080697616 2.883e-04 6
0 0 0 0 0 0 16 5 12 a 1626.159249673 1.729e-03 5
0 0 0 0 0 1 5 4 2 s 1629.596716773 1.025e-03 4
0 0 0 0 0 1 5 4 1 s 1629.747722152 1.027e-03 4
0 1 0 0 0 0 12 0 12 s 1630.095166159 1.458e-03 2
0 1 0 0 0 0 12 1 12 s 1630.095469891 8.557e-04 3
0 0 0 0 0 1 5 4 1 a 1630.117432061 1.125e-03 3
0 0 0 0 1 0 2 1 1 a 1631.542302497 1.896e-04 6
0 0 0 0 0 1 6 1 5 s 1634.815680068 1.257e-03 2
0 0 0 0 0 1 6 1 5 a 1635.308566414 1.066e-03 4
0 1 0 0 0 0 11 2 9 s 1635.863001663 1.370e-03 3
0 1 0 0 0 0 11 3 9 s 1636.110411713 7.676e-04 4
0 0 0 0 0 1 6 2 5 s 1636.399090935 1.064e-03 4
0 0 0 0 0 1 6 2 5 a 1636.888071467 1.306e-03 2
0 0 0 0 1 0 2 0 2 s 1638.913448522 2.274e-04 4
0 0 0 0 1 0 2 1 2 s 1639.979234708 3.436e-04 7
0 0 0 0 1 0 2 2 0 a 1641.472097239 3.806e-04 8
0 0 0 0 1 0 2 2 1 a 1641.773068079 2.972e-04 6
0 1 0 0 0 0 10 6 5 s 1645.321028125 1.187e-03 3
0 1 0 0 0 0 10 6 4 s 1645.892480432 1.321e-03 4
0 1 0 0 0 0 9 8 1 s 1646.062102180 1.169e-03 1
0 0 0 0 0 0 18 1 18 s 1646.176599252 1.220e-03 4
0 0 0 0 1 0 2 1 1 s 1646.570171307 1.236e-04 9
0 0 0 0 0 0 18 0 18 a 1646.817484275 1.245e-03 3
0 1 0 0 0 0 11 2 9 a 1652.005728382 7.622e-04 4
0 1 0 0 0 0 11 3 9 a 1652.341576167 1.307e-03 4
0 1 0 0 0 0 12 1 12 a 1653.334851465 1.481e-03 4
0 1 0 0 0 0 12 0 12 a 1653.335156360 8.918e-04 4
0 0 0 0 0 0 14 11 4 s 1654.348501520 9.138e-04 5
0 0 0 0 0 0 14 11 3 s 1654.348658460 9.159e-04 4
0 0 0 0 0 0 14 11 3 a 1654.489989945 1.619e-03 3
0 0 0 0 0 0 14 11 4 a 1654.490038281 1.569e-03 3
0 0 0 0 0 1 6 2 4 s 1655.812938420 1.066e-03 4
0 0 0 0 1 0 3 0 3 a 1655.889699127 3.467e-04 8
0 0 0 0 1 0 2 2 1 s 1655.980654921 3.055e-04 6
0 0 0 0 0 1 6 2 4 a 1656.253979983 1.238e-03 3
0 0 0 0 1 0 2 2 0 s 1656.603943430 6.855e-04 5
0 0 0 0 1 0 3 1 3 a 1656.761508912 2.988e-04 6
0 1 0 0 0 0 10 6 5 a 1658.538420531 7.213e-04 3
0 1 0 0 0 0 9 8 2 a 1658.844536936 6.824e-04 3
0 1 0 0 0 0 9 8 1 a 1658.844555207 6.551e-04 2
0 1 0 0 0 0 10 6 4 a 1658.975539591 6.943e-04 3
0 0 0 0 0 0 17 2 15 s 1659.353264960 1.892e-03 3
0 0 0 0 0 0 17 3 15 s 1659.353856453 1.074e-03 4
0 0 0 0 0 0 17 2 15 a 1659.700211900 1.104e-03 4
0 0 0 0 0 0 17 3 15 a 1659.700401059 1.812e-03 6
0 0 0 0 0 1 6 3 4 a 1666.436815481 1.064e-03 4
0 0 0 0 1 0 3 1 2 a 1667.201740190 1.000e-03 2
0 0 0 0 0 1 7 0 7 s 1669.879798497 1.114e-03 2
0 0 0 0 0 1 7 1 7 s 1669.900264511 1.327e-03 2
0 0 0 0 0 0 15 9 7 s 1670.013409068 9.599e-04 6
0 0 0 0 0 0 15 9 6 s 1670.079474337 9.519e-04 5
0 0 0 0 0 0 15 9 7 a 1670.169167290 1.654e-03 3
0 0 0 0 0 0 15 9 6 a 1670.235043451 1.667e-03 4
0 0 0 0 0 1 7 0 7 a 1670.468814966 1.351e-03 2
0 0 0 0 0 1 7 1 7 a 1670.488848002 1.131e-03 2
0 0 0 0 1 0 3 1 3 s 1670.791750497 5.638e-04 11
0 0 0 0 1 0 3 0 3 s 1670.990350396 3.885e-04 7
0 0 0 0 0 1 6 3 3 s 1672.314111476 1.257e-03 2
0 0 0 0 0 1 6 3 3 a 1672.722256659 1.117e-03 2
0 0 0 0 1 0 3 2 2 a 1675.357993853 2.178e-04 8
0 0 0 0 1 0 3 2 1 a 1677.137570123 4.375e-04 7
0 0 0 0 0 0 16 5 11 s 1678.746908070 1.008e-03 8
0 0 0 0 0 0 16 5 11 a 1678.909094756 1.752e-03 5
0 1 0 0 0 0 11 3 8 s 1680.647387336 7.815e-04 4
0 0 0 0 1 0 3 1 2 s 1682.944900839 3.784e-04 9
0 0 0 0 0 0 16 6 11 s 1683.182287758 1.730e-03 6
0 0 0 0 0 0 16 6 11 a 1683.359343539 1.016e-03 8
0 1 0 0 0 0 11 4 8 s 1683.609152410 1.298e-03 3
0 0 0 0 0 0 13 13 0 s 1686.555701201 8.699e-04 3
0 0 0 0 0 0 13 13 1 s 1686.555733804 8.739e-04 3
0 0 0 0 0 0 13 13 1 a 1686.669235923 1.484e-03 3
0 0 0 0 0 0 13 13 0 a 1686.669257105 1.539e-03 3
0 0 0 0 1 0 3 2 2 s 1689.377820880 3.359e-04 6
0 0 0 0 1 0 3 2 1 s 1691.940588540 3.736e-04 6
0 1 0 0 0 0 11 3 8 a 1694.008973907 1.327e-03 4
0 0 0 0 1 0 3 3 1 a 1695.776844869 7.600e-04 5
0 0 0 0 1 0 3 3 0 a 1696.118889942 3.854e-04 6
0 0 0 0 1 0 4 0 4 a 1696.844988885 2.446e-04 6
0 1 0 0 0 0 10 7 4 s 1697.005357069 3.073e-03 2
0 1 0 0 0 0 10 7 3 s 1697.036684825 3.075e-03 2
0 0 0 0 1 0 4 1 4 a 1697.195318057 1.000e-03 3
0 0 0 0 0 1 6 4 3 s 1697.531540724 1.130e-03 3
0 1 0 0 0 0 11 4 8 a 1697.737065756 7.693e-04 4
0 0 0 0 0 1 6 4 2 s 1698.236153930 1.066e-03 2
0 0 0 0 0 1 6 4 2 a 1698.592599776 1.217e-03 2
0 1 0 0 0 0 12 1 11 s 1700.006107656 8.424e-04 5
0 1 0 0 0 0 12 2 11 s 1700.008669901 3.344e-03 1
0 0 0 0 0 1 7 1 6 s 1709.351580944 1.326e-03 2
0 1 0 0 0 0 10 7 4 a 1709.792312889 1.185e-03 1
0 1 0 0 0 0 10 7 3 a 1709.814718818 1.206e-03 1
0 0 0 0 0 1 7 1 6 a 1709.829154784 1.137e-03 3
0 0 0 0 0 1 7 2 6 s 1710.024916729 1.093e-03 4
0 0 0 0 1 0 4 0 4 s 1710.437435288 2.279e-04 5
0 0 0 0 1 0 3 3 1 s 1710.775385398 3.475e-04 9
0 0 0 0 1 0 3 3 0 s 1710.910962328 1.704e-04 9
0 0 0 0 1 0 4 1 4 s 1711.105065983 4.307e-04 8
0 1 0 0 0 0 11 4 7 s 1711.651152676 1.338e-03 2
0 0 0 0 1 0 4 1 3 a 1715.694876118 3.411e-04 5
0 0 0 0 0 0 16 6 10 s 1716.440602751 1.749e-03 6
0 0 0 0 0 0 16 6 10 a 1716.566077912 1.008e-03 9
0 1 0 0 0 0 12 1 11 a 1719.307861425 1.536e-03 2
0 1 0 0 0 0 12 2 11 a 1719.312707788 8.557e-04 3
0 0 0 0 1 0 4 2 3 a 1719.910112793 3.133e-04 10
0 1 0 0 0 0 11 4 7 a 1722.692026592 7.622e-04 4
0 0 0 0 1 0 4 2 2 a 1725.190544862 3.808e-04 8
0 1 0 0 0 0 11 5 7 s 1726.119825363 8.353e-04 4
0 1 0 0 0 0 9 9 1 a 1727.871822554 1.231e-03 3
0 1 0 0 0 0 9 9 0 a 1727.872535928 1.161e-03 2
0 0 0 0 1 0 4 1 3 s 1730.615313483 2.432e-04 6
0 0 0 0 1 0 4 2 3 s 1733.565556593 3.811e-04 8
0 0 0 0 0 0 16 7 10 s 1735.531420124 1.016e-03 6
0 0 0 0 0 0 16 7 10 a 1735.686573069 1.731e-03 3
0 0 0 0 0 1 6 5 1 s 1736.477138934 1.379e-03 2
0 0 0 0 0 1 6 5 2 a 1736.729288616 1.130e-03 2
0 0 0 0 0 1 6 5 1 a 1736.756001104 1.094e-03 4
0 1 0 0 0 0 11 5 6 s 1736.850333719 7.517e-04 4
0 0 0 0 0 1 7 2 5 s 1737.519338657 1.130e-03 3
0 0 0 0 0 1 7 2 5 a 1737.932014452 1.306e-03 2
0 0 0 0 0 0 17 3 14 s 1738.697636862 1.068e-03 5
0 0 0 0 0 0 17 4 14 s 1738.708908996 1.862e-03 3
0 0 0 0 0 0 17 3 14 a 1738.966277007 1.880e-03 3
0 0 0 0 0 0 17 4 14 a 1738.977696310 1.073e-03 6
0 1 0 0 0 0 11 5 7 a 1739.015870181 1.337e-03 3
0 0 0 0 1 0 4 2 2 s 1739.459160315 1.066e-03 4
0 0 0 0 0 0 15 10 6 s 1741.218495448 1.651e-03 3
0 0 0 0 0 0 15 10 5 s 1741.221600931 1.677e-03 4
0 0 0 0 0 0 15 10 6 a 1741.365182493 9.599e-04 5
0 0 0 0 0 0 15 10 5 a 1741.368425100 9.553e-04 4
0 0 0 0 1 0 4 3 2 a 1742.085577334 6.378e-04 5
0 0 0 0 0 0 14 12 2 s 1743.445955846 1.599e-03 3
0 0 0 0 0 0 14 12 3 s 1743.445965052 1.574e-03 3
0 0 0 0 0 0 14 12 2 a 1743.572260268 9.017e-04 5
0 0 0 0 0 0 14 12 3 a 1743.572314237 9.230e-04 4
0 0 0 0 1 0 4 3 1 a 1743.963088380 8.446e-04 6
0 0 0 0 0 1 7 3 5 a 1744.340706950 1.130e-03 4
0 0 0 0 1 0 5 0 5 a 1747.033395969 3.980e-04 5
0 0 0 0 1 0 5 1 5 a 1747.126521277 1.110e-03 3
0 0 0 0 0 0 18 1 17 s 1747.478763854 1.193e-03 3
0 0 0 0 0 0 18 2 17 s 1747.478795444 2.048e-03 3
0 1 0 0 0 0 11 5 6 a 1747.858868621 1.313e-03 1
0 0 0 0 0 0 18 2 17 a 1747.950359258 1.220e-03 4
0 0 0 0 0 0 18 1 17 a 1747.950391024 1.972e-03 3
0 0 0 0 0 0 16 7 9 s 1748.086256320 1.008e-03 7
0 0 0 0 0 0 16 7 9 a 1748.209964541 1.748e-03 5
0 1 0 0 0 0 13 0 13 s 1752.209958355 1.552e-03 2
0 1 0 0 0 0 13 1 13 s 1752.210245095 9.230e-04 3
0 0 0 0 1 0 4 3 2 s 1756.333639150 3.340e-04 13
0 0 0 0 0 1 7 3 4 a 1756.457542246 1.102e-03 4
0 0 0 0 1 0 4 3 1 s 1757.198741753 2.441e-04 10
0 0 0 0 1 0 5 0 5 s 1760.702753712 8.186e-04 4
0 0 0 0 1 0 5 1 5 s 1760.878862678 5.217e-04 8
0 1 0 0 0 0 12 2 10 s 1761.440377669 1.453e-03 2
0 1 0 0 0 0 12 3 10 s 1761.532348394 9.301e-04 4
0 0 0 0 1 0 4 4 1 a 1769.262352612 5.614e-04 6
0 0 0 0 1 0 4 4 0 a 1769.303462313 5.754e-04 7
0 1 0 0 0 0 10 8 3 a 1769.787682587 7.548e-04 3
0 1 0 0 0 0 10 8 2 a 1769.788558459 3.088e-03 2
0 1 0 0 0 0 11 6 6 s 1769.948335795 1.277e-03 2
0 0 0 0 1 0 5 1 4 a 1772.560237882 6.260e-04 5
0 0 0 0 1 0 5 2 4 a 1774.894056335 3.474e-04 8
0 1 0 0 0 0 13 1 13 a 1776.180803275 1.644e-03 2
0 1 0 0 0 0 13 0 13 a 1776.181106061 9.706e-04 2
0 0 0 0 0 1 7 4 4 s 1776.916495640 1.136e-03 4
0 0 0 0 0 1 7 4 4 a 1777.255813549 1.347e-03 2
0 1 0 0 0 0 12 2 10 a 1777.628653184 8.314e-04 4
0 1 0 0 0 0 12 3 10 a 1777.755051149 1.469e-03 3
0 0 0 0 0 1 7 4 3 s 1779.213778291 1.134e-03 2
0 0 0 0 0 1 7 4 3 a 1779.552638946 1.328e-03 2
0 1 0 0 0 0 11 6 6 a 1782.337068400 7.700e-04 3
0 1 0 0 0 0 11 6 5 a 1783.674609555 8.013e-04 3
0 0 0 0 1 0 5 2 3 a 1784.057551749 3.389e-04 7
0 0 0 0 1 0 4 4 1 s 1784.863216053 9.648e-04 5
0 0 0 0 1 0 4 4 0 s 1784.886961429 7.178e-04 2
0 0 0 0 1 0 5 2 4 s 1788.199482931 1.085e-03 5
0 0 0 0 0 0 16 8 9 s 1789.412327110 1.728e-03 4
0 0 0 0 0 0 16 8 9 a 1789.560090024 1.016e-03 6
0 0 0 0 1 0 5 1 4 s 1789.620823910 3.192e-04 6
0 0 0 0 0 0 16 8 8 s 1791.677951329 1.750e-03 5
0 0 0 0 0 0 16 8 8 a 1791.817893661 1.008e-03 5
0 0 0 0 0 1 8 2 7 s 1793.030416764 1.180e-03 2
0 0 0 0 0 1 8 1 7 a 1793.234845278 1.181e-03 2
0 0 0 0 1 0 5 3 2 a 1799.026298185 1.086e-03 2
0 0 0 0 1 0 5 3 3 a 1799.709982960 1.085e-03 3
0 0 0 0 1 0 5 2 3 s 1804.779539802 5.857e-04 5
0 0 0 0 1 0 6 0 6 a 1806.532001279 3.911e-04 7
0 0 0 0 1 0 6 1 6 a 1806.533224458 1.113e-03 3
0 0 0 0 0 0 17 4 13 s 1809.489227707 1.819e-03 6
0 0 0 0 0 0 17 5 13 s 1809.688844752 1.073e-03 6
0 0 0 0 0 0 17 4 13 a 1809.699737799 1.066e-03 5
0 0 0 0 0 0 17 5 13 a 1809.899896488 1.808e-03 3
0 0 0 0 1 0 5 3 3 s 1813.237987130 1.027e-03 5
0 1 0 0 0 0 12 3 9 s 1813.312890365 8.114e-04 3
0 1 0 0 0 0 12 4 9 s 1814.677927757 1.398e-03 2
0 0 0 0 0 1 7 5 2 s 1815.690121375 1.318e-03 2
0 0 0 0 0 1 7 5 3 a 1815.807248472 1.166e-03 2
0 0 0 0 0 1 7 5 2 a 1815.962602218 1.102e-03 4
0 0 0 0 1 0 5 3 2 s 1816.167034010 1.025e-03 5
0 0 0 0 1 0 6 0 6 s 1819.887145868 1.110e-03 2
0 0 0 0 1 0 6 1 6 s 1820.032427727 5.264e-04 7
0 1 0 0 0 0 11 7 5 s 1820.769136467 7.644e-04 3
0 1 0 0 0 0 11 7 4 s 1820.894173491 9.076e-04 4
0 0 0 0 0 0 15 11 5 s 1821.110494339 9.600e-04 3
0 0 0 0 0 0 15 11 4 s 1821.110541199 9.565e-04 5
0 0 0 0 0 0 15 11 5 a 1821.244337526 1.664e-03 2
0 0 0 0 0 0 15 11 4 a 1821.244565753 1.674e-03 3
0 1 0 0 0 0 12 3 9 a 1826.768812367 1.416e-03 3
0 0 0 0 1 0 5 4 2 a 1827.353832443 3.629e-04 7
0 0 0 0 1 0 5 4 1 a 1827.687088383 3.763e-04 6
0 1 0 0 0 0 13 2 12 s 1828.378888317 1.639e-03 1
0 1 0 0 0 0 13 1 12 s 1828.379570875 9.245e-04 1
0 1 0 0 0 0 12 4 9 a 1828.518901665 8.186e-04 3
0 0 0 0 0 1 8 2 6 s 1828.586478060 1.162e-03 2
0 0 0 0 0 1 8 3 6 a 1832.448324146 1.167e-03 2
0 0 0 0 0 1 9 0 9 s 1832.664967709 1.216e-03 2
0 1 0 0 0 0 11 7 5 a 1832.814362898 1.296e-03 1
0 1 0 0 0 0 11 7 4 a 1832.909931022 1.317e-03 1
0 0 0 0 0 1 9 1 9 a 1833.274959223 1.216e-03 2
0 0 0 0 1 0 6 1 5 a 1838.899789839 1.169e-03 2
0 0 0 0 1 0 6 2 5 a 1839.909315819 1.044e-03 5
0 0 0 0 0 0 18 2 16 s 1840.695536861 2.032e-03 3
0 0 0 0 0 0 18 3 16 s 1840.695769141 1.187e-03 5
0 0 0 0 0 0 14 13 2 s 1840.705702661 9.060e-04 4
0 0 0 0 0 0 14 13 1 s 1840.705750742 9.227e-04 4
0 0 0 0 0 0 14 13 2 a 1840.815221209 1.579e-03 4
0 0 0 0 0 0 14 13 1 a 1840.815221704 1.623e-03 4
0 0 0 0 0 0 18 2 16 a 1841.049467189 1.192e-03 4
0 0 0 0 0 0 18 3 16 a 1841.049476343 1.948e-03 4
0 0 0 0 1 0 5 4 2 s 1841.982463076 7.245e-04 3
0 0 0 0 1 0 5 4 1 s 1842.186263960 6.519e-04 5
0 1 0 0 0 0 13 2 12 a 1848.007206119 9.527e-04 2
0 1 0 0 0 0 13 1 12 a 1848.008665464 3.387e-03 1
0 0 0 0 0 0 16 9 8 s 1850.380576499 1.016e-03 4
0 0 0 0 0 0 16 9 8 a 1850.523208602 1.733e-03 4
0 0 0 0 0 0 16 9 7 s 1850.598471687 1.008e-03 5
0 0 0 0 0 0 16 9 7 a 1850.740379618 1.745e-03 6
0 0 0 0 1 0 6 1 5 s 1851.219464109 5.848e-04 8
0 1 0 0 0 0 12 4 8 s 1851.806852129 1.412e-03 1
0 0 0 0 1 0 6 2 5 s 1852.882018938 1.170e-03 2
0 1 0 0 0 0 12 5 8 s 1861.084504171 8.799e-04 4
0 0 0 0 1 0 6 2 4 a 1861.177528888 1.064e-03 3
0 0 0 0 1 0 5 5 1 a 1861.981201465 1.604e-03 3
0 0 0 0 1 0 5 5 0 a 1861.983809067 1.521e-03 2
0 1 0 0 0 0 12 4 8 a 1862.555694513 8.416e-04 3
0 0 0 0 0 1 7 6 1 s 1862.963176390 1.192e-03 2
0 0 0 0 0 1 8 4 5 s 1867.544160905 1.151e-03 4
0 0 0 0 1 0 6 3 4 a 1868.362491507 1.164e-03 2
0 0 0 0 0 0 17 5 12 s 1870.030381645 1.066e-03 6
0 0 0 0 0 0 17 5 12 a 1870.191409663 1.822e-03 3
0 0 0 0 0 0 17 6 12 s 1872.187091084 1.810e-03 4
0 0 0 0 0 0 17 6 12 a 1872.356671788 1.073e-03 4
0 1 0 0 0 0 12 5 8 a 1873.353630409 1.384e-03 1
0 0 0 0 1 0 7 0 7 a 1875.226376811 1.131e-03 3
0 0 0 0 1 0 7 1 7 a 1875.326679501 1.340e-03 3
0 0 0 0 1 0 6 2 4 s 1877.919209716 1.169e-03 2
0 0 0 0 1 0 5 5 1 s 1878.345694300 6.883e-04 7
0 0 0 0 1 0 5 5 0 s 1878.347406453 9.266e-04 7
0 1 0 0 0 0 12 5 7 s 1879.072341887 8.776e-04 2
0 0 0 0 1 0 6 3 4 s 1881.226477792 1.066e-03 5
0 1 0 0 0 0 14 0 14 s 1883.327269066 1.729e-03 1
0 1 0 0 0 0 14 1 14 s 1883.327560665 1.033e-03 1
0 0 0 0 0 1 9 2 8 s 1885.278087341 1.213e-03 2
0 0 0 0 1 0 6 3 3 s 1888.012100772 1.064e-03 4
0 0 0 0 1 0 7 0 7 s 1888.492644338 1.327e-03 3
0 0 0 0 1 0 7 1 7 s 1888.523988423 5.660e-04 8
0 1 0 0 0 0 12 5 7 a 1888.882649548 1.409e-03 1
0 1 0 0 0 0 11 8 4 a 1892.062695823 7.993e-04 2
0 1 0 0 0 0 11 8 3 a 1892.066068704 7.548e-04 1
0 1 0 0 0 0 13 2 11 s 1896.001510313 1.561e-03 1
0 1 0 0 0 0 13 3 11 s 1896.034498882 9.335e-04 2
0 0 0 0 1 0 6 4 3 a 1897.166314193 1.066e-03 4
0 0 0 0 1 0 6 4 2 a 1898.595912107 5.258e-04 7
0 0 0 0 0 1 8 5 3 a 1907.119992632 1.170e-03 2
0 1 0 0 0 0 14 1 14 a 1908.117141640 1.729e-03 2
0 1 0 0 0 0 14 0 14 a 1908.117438932 1.025e-03 2
0 0 0 0 0 0 15 12 4 s 1909.403835723 1.653e-03 4
0 0 0 0 0 0 15 12 3 s 1909.403859764 1.711e-03 3
0 0 0 0 0 0 15 12 4 a 1909.524379375 9.670e-04 2
0 0 0 0 0 0 15 12 3 a 1909.524512556 9.709e-04 2
0 1 0 0 0 0 13 2 11 a 1912.248450645 9.280e-04 2
0 1 0 0 0 0 13 3 11 a 1912.294257109 1.591e-03 2
0 0 0 0 1 0 7 2 6 a 1914.653645097 5.281e-04 6
0 1 0 0 0 0 10 10 0 a 1915.200013166 7.766e-04 1
0 1 0 0 0 0 10 10 1 a 1915.200024733 7.699e-04 1
0 0 0 0 0 0 17 6 11 s 1915.635234308 1.832e-03 5
0 0 0 0 0 0 17 6 11 a 1915.752624243 1.066e-03 8
0 1 0 0 0 0 12 6 7 a 1917.592926540 8.194e-04 3
0 0 0 0 0 0 16 10 7 s 1920.325690921 1.731e-03 3
0 0 0 0 0 0 16 10 6 s 1920.339113457 1.750e-03 4
0 0 0 0 0 0 16 10 7 a 1920.462057987 1.016e-03 4
0 0 0 0 0 0 16 10 6 a 1920.475283407 1.008e-03 4
0 1 0 0 0 0 12 6 6 a 1921.022726234 8.114e-04 2
0 0 0 0 0 0 18 3 15 s 1925.763192736 1.161e-03 5
0 0 0 0 0 0 18 4 15 s 1925.766834803 1.886e-03 3
0 0 0 0 0 0 18 3 15 a 1926.033021304 1.894e-03 3
0 0 0 0 0 0 18 4 15 a 1926.037075308 1.132e-03 4
0 0 0 0 1 0 7 1 6 s 1926.613826409 5.341e-04 7
0 0 0 0 1 0 7 2 6 s 1927.270873118 1.244e-03 2
0 0 0 0 0 0 17 7 11 s 1927.980325588 1.073e-03 3
0 0 0 0 0 0 17 7 11 a 1928.123381133 1.809e-03 4
0 0 0 0 0 0 19 1 18 s 1932.076892295 1.304e-03 3
0 0 0 0 0 0 19 2 18 a 1932.567624117 1.280e-03 4
0 0 0 0 1 0 7 2 5 a 1943.430564219 1.093e-03 3
0 0 0 0 0 0 14 14 1 s 1946.046541539 1.578e-03 2
0 0 0 0 0 0 14 14 0 s 1946.046562721 1.621e-03 2
0 0 0 0 0 0 14 14 0 a 1946.140713574 9.256e-04 3
0 0 0 0 0 0 14 14 1 a 1946.140753916 9.293e-04 3
0 0 0 0 1 0 6 5 2 s 1946.775532843 7.364e-04 6
0 0 0 0 1 0 6 5 1 s 1946.814340377 6.299e-04 7
0 0 0 0 1 0 7 3 5 a 1947.668508189 1.306e-03 2
0 0 0 0 0 0 17 7 10 s 1948.826098487 1.066e-03 5
0 0 0 0 0 0 17 7 10 a 1948.927938662 1.830e-03 4
0 0 0 0 1 0 7 2 5 s 1953.400443827 9.049e-04 1
0 0 0 0 1 0 8 0 8 a 1953.465955263 1.137e-03 3
0 0 0 0 1 0 8 1 8 a 1953.507551630 1.339e-03 2
0 1 0 0 0 0 13 3 10 s 1954.500482613 8.681e-04 3
0 1 0 0 0 0 13 4 10 s 1955.077896281 1.515e-03 2
0 0 0 0 1 0 7 3 5 s 1959.931260532 1.130e-03 3
0 0 0 0 1 0 7 3 4 a 1962.877382538 1.238e-03 2
0 1 0 0 0 0 14 2 13 s 1965.777879219 1.725e-03 1
0 0 0 0 1 0 8 1 8 s 1966.340182243 1.141e-03 3
0 1 0 0 0 0 12 7 6 a 1967.392916323 1.382e-03 1
0 1 0 0 0 0 12 7 5 a 1967.731448130 1.407e-03 1
0 1 0 0 0 0 13 3 10 a 1967.955530330 1.515e-03 2
0 1 0 0 0 0 13 4 10 a 1968.710262707 8.735e-04 2
0 0 0 0 0 1 9 4 6 s 1969.069049625 1.162e-03 2
0 0 0 0 1 0 7 3 4 s 1972.271655977 1.102e-03 3
0 0 0 0 1 0 6 6 1 a 1973.844321490 9.809e-04 5
0 0 0 0 1 0 6 6 0 a 1973.846249215 8.838e-04 5
0 0 0 0 1 0 7 4 4 a 1978.533752508 1.102e-03 3
0 0 0 0 0 0 17 8 10 s 1982.530774867 1.809e-03 2
0 0 0 0 1 0 7 4 3 a 1982.651439682 1.117e-03 3
0 0 0 0 0 0 17 8 10 a 1982.663723593 1.073e-03 4
0 1 0 0 0 0 14 1 13 a 1985.787638108 3.432e-03 1
0 1 0 0 0 0 14 2 13 a 1985.787685591 3.159e-03 1
0 0 0 0 0 0 17 8 9 s 1987.701174972 1.826e-03 3
0 0 0 0 0 0 17 8 9 a 1987.818862582 1.066e-03 5
0 0 0 0 1 0 6 6 1 s 1991.202957151 1.327e-03 2
0 0 0 0 1 0 6 6 0 s 1991.203560728 1.159e-03 2
0 0 0 0 1 0 7 4 3 s 1994.119940153 1.637e-03 2
0 0 0 0 1 0 8 2 7 a 1998.932966608 1.138e-03 3
0 0 0 0 0 0 16 11 6 s 1999.158690367 1.016e-03 5
0 0 0 0 0 0 16 11 5 s 1999.159198543 1.011e-03 3
0 0 0 0 0 0 16 11 6 a 1999.284501351 1.736e-03 4
0 0 0 0 0 0 16 11 5 a 1999.284722830 1.764e-03 3
0 1 0 0 0 0 13 4 9 s 2001.005148600 1.495e-03 1
0 0 0 0 0 0 18 4 14 s 2002.383577518 1.968e-03 2
0 0 0 0 0 0 18 5 14 s 2002.460515020 1.132e-03 2
0 0 0 0 0 0 18 4 14 a 2002.592146560 1.127e-03 4
0 0 0 0 0 0 18 5 14 a 2002.669220839 1.954e-03 2
0 0 0 0 0 0 15 13 2 s 2005.923018672 9.555e-04 3
0 0 0 0 0 0 15 13 3 s 2005.923086517 9.767e-04 3
0 0 0 0 0 0 15 13 2 a 2006.028118094 1.684e-03 3
0 0 0 0 0 0 15 13 3 a 2006.028135777 1.663e-03 3
0 1 0 0 0 0 13 5 9 s 2006.222889003 8.728e-04 3
0 0 0 0 0 1 8 7 1 a 2009.095722991 1.182e-03 2
0 0 0 0 0 1 8 7 2 a 2009.095739011 1.200e-03 2
0 0 0 0 1 0 8 1 7 s 2010.857925299 6.608e-04 6
0 0 0 0 1 0 8 2 7 s 2011.145716103 1.520e-03 2
0 1 0 0 0 0 13 4 9 a 2011.718631046 8.678e-04 3
0 0 0 0 1 0 7 5 3 a 2013.280689899 1.064e-03 2
0 1 0 0 0 0 13 5 9 a 2017.972949172 1.471e-03 1
0 1 0 0 0 0 15 0 15 s 2023.414706049 1.825e-03 1
0 1 0 0 0 0 15 1 15 s 2023.414838021 1.131e-03 1
0 1 0 0 0 0 11 10 2 s 2026.212882560 1.425e-03 1
0 0 0 0 1 0 7 5 3 s 2026.878921919 5.963e-04 7
0 0 0 0 1 0 7 5 2 s 2027.102311060 6.802e-04 4
0 0 0 0 0 0 19 2 17 s 2031.056012047 2.048e-03 2
0 0 0 0 0 0 19 3 17 s 2031.056020879 1.192e-03 3
0 0 0 0 0 0 19 3 17 a 2031.418159923 2.120e-03 2
0 0 0 0 0 0 19 2 17 a 2031.418273696 1.220e-03 3
0 1 0 0 0 0 13 5 8 s 2033.010487304 8.658e-04 1
0 0 0 0 1 0 8 2 6 a 2035.542501141 6.334e-04 3
0 1 0 0 0 0 14 3 12 s 2039.569894202 9.695e-04 1
0 0 0 0 1 0 9 0 9 a 2040.965768501 1.344e-03 2
0 1 0 0 0 0 13 5 8 a 2041.927803243 1.500e-03 1
0 0 0 0 0 0 17 9 9 s 2042.389591100 1.073e-03 4
0 0 0 0 0 0 17 9 9 a 2042.518545673 1.802e-03 4
0 0 0 0 0 0 17 9 8 s 2043.028734101 1.066e-03 5
0 0 0 0 0 0 17 9 8 a 2043.155485236 1.828e-03 3
0 0 0 0 1 0 8 3 6 s 2048.931291188 1.136e-03 2
0 1 0 0 0 0 15 1 15 a 2049.116491760 3.527e-03 1
0 1 0 0 0 0 15 0 15 a 2049.116623803 3.183e-03 1
0 0 0 0 1 0 9 1 9 s 2053.591000545 1.183e-03 2
0 0 0 0 1 0 7 6 1 a 2055.129209202 6.953e-04 1
0 0 0 0 1 0 7 6 2 a 2055.133501654 5.656e-04 1
0 1 0 0 0 0 14 2 12 a 2055.895639387 3.148e-03 1
0 1 0 0 0 0 14 3 12 a 2055.912407657 3.408e-03 1
0 0 0 0 1 0 8 3 5 a 2059.725261376 9.983e-04 1
0 1 0 0 0 0 13 6 8 a 2064.090090144 8.726e-04 1
0 0 0 0 0 0 18 5 13 s 2069.518875648 1.125e-03 6
0 0 0 0 0 0 18 5 13 a 2069.678467928 1.896e-03 4
0 0 0 0 0 0 18 6 13 s 2070.488673896 1.884e-03 4
0 0 0 0 0 0 18 6 13 a 2070.652719267 1.132e-03 4
0 0 0 0 1 0 7 6 2 s 2070.823950579 1.831e-03 2
0 0 0 0 1 0 7 6 1 s 2070.828138934 1.504e-03 2
0 1 0 0 0 0 13 6 7 a 2071.517485853 8.679e-04 1
0 0 0 0 0 0 16 12 5 s 2086.533640990 1.751e-03 3
0 0 0 0 0 0 16 12 4 s 2086.533644364 1.759e-03 3
0 0 0 0 0 0 16 12 4 a 2086.647843576 1.020e-03 2
0 0 0 0 0 0 16 12 5 a 2086.647925462 1.016e-03 2
0 1 0 0 0 0 13 7 7 s 2103.170986125 8.729e-04 1
0 0 0 0 1 0 9 1 8 s 2104.225001626 6.552e-04 3
0 1 0 0 0 0 14 3 11 s 2104.394440847 9.236e-04 3
0 0 0 0 0 0 15 14 2 s 2110.558498073 1.676e-03 2
0 0 0 0 0 0 15 14 1 s 2110.558498568 1.718e-03 2
0 0 0 0 0 0 15 14 2 a 2110.649577085 9.596e-04 3
0 0 0 0 0 0 15 14 1 a 2110.649635048 9.754e-04 3
0 0 0 0 0 0 17 10 8 s 2110.920255956 1.812e-03 3
0 0 0 0 0 0 17 10 7 s 2110.968564452 1.813e-03 3
0 0 0 0 0 0 17 10 8 a 2111.045306875 1.073e-03 6
0 0 0 0 0 0 17 10 7 a 2111.093483873 1.066e-03 2
0 1 0 0 0 0 15 2 14 s 2112.172220692 1.762e-03 1
0 1 0 0 0 0 15 1 14 s 2112.172528219 1.031e-03 1
0 1 0 0 0 0 13 7 7 a 2113.556148471 1.584e-03 1
0 1 0 0 0 0 14 4 11 a 2118.110095673 9.695e-04 1
0 0 0 0 1 0 8 5 3 s 2119.537896067 6.017e-04 2
0 0 0 0 0 0 19 3 16 s 2121.820044841 1.254e-03 3
0 0 0 0 0 0 19 4 16 s 2121.820048630 2.032e-03 2
0 0 0 0 0 0 19 3 16 a 2122.092442450 2.112e-03 2
0 0 0 0 0 0 19 4 16 a 2122.092722147 1.249e-03 2
0 0 0 0 1 0 7 7 0 s 2123.397935764 9.109e-04 2
0 0 0 0 1 0 7 7 1 s 2123.398115523 7.007e-04 2
0 0 0 0 0 0 18 6 12 s 2123.476219964 1.897e-03 3
0 0 0 0 0 0 18 6 12 a 2123.590763076 1.125e-03 4
0 0 0 0 0 0 18 7 12 s 2130.601026101 1.132e-03 3
0 0 0 0 0 0 18 7 12 a 2130.734420177 1.887e-03 3
0 1 0 0 0 0 15 2 14 a 2132.620821364 3.178e-03 1
0 1 0 0 0 0 15 1 14 a 2132.620895036 3.473e-03 1
0 0 0 0 1 0 8 6 3 a 2149.163248472 1.166e-03 2
0 0 0 0 1 0 8 6 2 a 2149.218349839 1.130e-03 2
0 1 0 0 0 0 12 10 2 s 2159.080518795 1.474e-03 1
0 1 0 0 0 0 12 10 3 s 2159.080685207 1.501e-03 1
0 1 0 0 0 0 14 5 10 s 2161.111205728 3.146e-03 1
0 0 0 0 0 0 18 7 11 s 2161.445097218 1.125e-03 3
0 0 0 0 0 0 18 7 11 a 2161.531270613 1.898e-03 4
0 0 0 0 1 0 8 6 2 s 2162.137357508 1.066e-03 1
0 0 0 0 0 0 16 13 4 s 2182.218676590 1.022e-03 3
0 0 0 0 0 0 16 13 3 s 2182.218786013 1.026e-03 3
0 0 0 0 0 0 16 13 4 a 2182.319097114 1.734e-03 3
0 0 0 0 0 0 16 13 3 a 2182.319119036 1.797e-03 3
0 0 0 0 0 0 18 8 11 s 2186.852535802 1.876e-03 4
0 0 0 0 0 0 18 8 11 a 2186.971957382 1.132e-03 4
0 0 0 0 0 0 17 11 7 s 2188.529382107 1.073e-03 2
0 0 0 0 0 0 17 11 6 s 2188.531869668 1.066e-03 3
0 0 0 0 0 0 17 11 7 a 2188.646259639 1.810e-03 3
0 0 0 0 0 0 17 11 6 a 2188.648631904 1.828e-03 4
0 1 0 0 0 0 15 3 13 s 2192.104578659 1.025e-03 1
0 0 0 0 0 0 18 8 10 s 2197.158246529 1.906e-03 3
0 0 0 0 0 0 18 8 10 a 2197.252430651 1.125e-03 4
0 1 0 0 0 0 14 5 9 s 2197.582567178 9.181e-04 1
0 0 0 0 0 0 19 4 15 s 2204.172339938 1.966e-03 2
0 0 0 0 0 0 19 5 15 s 2204.200950537 1.192e-03 2
0 0 0 0 0 0 19 4 15 a 2204.379433649 1.186e-03 4
0 0 0 0 0 0 19 5 15 a 2204.407860302 1.958e-03 3
0 1 0 0 0 0 15 2 13 a 2208.563646950 3.166e-03 1
0 0 0 0 1 0 8 7 2 s 2214.107431946 7.470e-04 4
0 0 0 0 1 0 8 7 1 s 2214.107631571 7.343e-04 4
0 0 0 0 1 0 9 5 5 s 2222.275182674 6.530e-04 1
0 0 0 0 0 0 15 15 0 s 2223.244549188 9.832e-04 2
0 0 0 0 0 0 15 15 1 s 2223.244589530 9.867e-04 2
0 0 0 0 0 0 15 15 1 a 2223.321028545 1.667e-03 2
0 0 0 0 0 0 15 15 0 a 2223.321049726 1.699e-03 2
0 0 0 0 1 0 9 5 4 s 2224.559926020 7.125e-04 3
0 0 0 0 0 0 20 3 18 s 2230.398065201 1.341e-03 2
0 0 0 0 0 0 20 2 18 a 2230.769896774 1.364e-03 2
0 0 0 0 0 0 18 9 10 s 2246.023007230 1.132e-03 5
0 0 0 0 0 0 18 9 10 a 2246.138073487 1.884e-03 2
0 0 0 0 1 0 11 0 11 a 2246.329893903 7.825e-04 1
0 0 0 0 0 0 18 9 9 s 2247.699524423 1.125e-03 4
0 0 0 0 0 0 18 9 9 a 2247.809293280 1.905e-03 4
0 0 0 0 1 0 8 8 0 a 2254.154483657 7.303e-04 1
0 0 0 0 1 0 8 8 1 a 2254.154624522 6.773e-04 1
0 0 0 0 1 0 11 1 11 s 2255.202246410 7.959e-04 2
0 0 0 0 1 0 10 3 8 s 2256.282193674 7.181e-04 1
0 1 0 0 0 0 15 3 12 s 2263.116612929 1.031e-03 1
0 0 0 0 0 0 17 12 6 s 2274.857141266 1.816e-03 3
0 0 0 0 0 0 17 12 5 s 2274.857399178 1.848e-03 2
0 0 0 0 1 0 8 8 0 s 2274.885449996 1.123e-03 1
0 0 0 0 1 0 8 8 1 s 2274.885535189 1.162e-03 1
0 0 0 0 0 0 17 12 6 a 2274.964792966 1.073e-03 3
0 0 0 0 0 0 17 12 5 a 2274.965132344 1.069e-03 3
0 0 0 0 0 0 19 5 14 s 2277.460268827 1.187e-03 2
0 0 0 0 0 0 19 5 14 a 2277.617853091 2.052e-03 2
0 0 0 0 0 0 19 6 14 s 2277.870540920 1.962e-03 3
0 0 0 0 0 0 19 6 14 a 2278.030729204 1.192e-03 4
0 0 0 0 0 0 16 14 2 s 2286.069429079 1.764e-03 3
0 0 0 0 0 0 16 14 3 s 2286.069448882 1.750e-03 3
0 0 0 0 0 0 16 14 2 a 2286.157040954 1.011e-03 3
0 0 0 0 0 0 16 14 3 a 2286.157132558 1.031e-03 3
0 0 0 0 1 0 10 4 6 a 2311.041017783 7.004e-04 1
0 0 0 0 0 0 18 10 9 s 2313.054771104 1.873e-03 2
0 0 0 0 0 0 18 10 9 a 2313.167917351 1.132e-03 2
0 0 0 0 0 0 18 10 8 s 2313.211511796 1.903e-03 2
0 0 0 0 0 0 18 10 8 a 2313.324248423 1.125e-03 4
0 0 0 0 0 0 20 4 17 s 2326.836965955 2.191e-03 1
0 0 0 0 0 0 20 3 17 s 2326.837079729 1.280e-03 2
0 0 0 0 0 0 20 3 17 a 2327.112192353 2.120e-03 2
0 0 0 0 0 0 20 4 17 a 2327.112201185 1.254e-03 2
0 0 0 0 0 0 19 6 13 s 2339.240298418 1.969e-03 3
0 0 0 0 0 0 19 6 13 a 2339.354916687 1.186e-03 2
0 0 0 0 0 0 19 7 13 s 2342.938042325 1.192e-03 5
0 0 0 0 0 0 19 7 13 a 2343.063940255 1.946e-03 3
0 0 0 0 0 0 17 13 4 s 2369.605030479 1.078e-03 3
0 0 0 0 0 0 17 13 5 s 2369.605241110 1.073e-03 3
0 0 0 0 0 0 17 13 5 a 2369.700571094 1.834e-03 2
0 0 0 0 0 0 17 13 4 a 2369.700574468 1.839e-03 2
0 0 0 0 1 0 12 1 12 s 2369.812821792 8.416e-04 1
0 0 0 0 0 0 19 7 12 s 2384.534740794 1.186e-03 4
0 0 0 0 0 0 19 7 12 a 2384.612318749 1.970e-03 3
0 0 0 0 0 0 18 11 8 s 2389.263498555 1.132e-03 3
0 0 0 0 0 0 18 11 7 s 2389.273230476 1.125e-03 2
0 0 0 0 0 0 18 11 8 a 2389.371123456 1.888e-03 2
0 0 0 0 0 0 18 11 7 a 2389.380638447 1.879e-03 2
0 0 0 0 0 0 16 15 2 s 2397.997766478 1.015e-03 2
0 0 0 0 0 0 16 15 1 s 2397.997824441 1.030e-03 2
0 0 0 0 0 0 16 15 2 a 2398.071434773 1.769e-03 2
0 0 0 0 0 0 16 15 1 a 2398.071435268 1.807e-03 2
0 0 0 0 0 0 19 8 12 s 2401.975833462 1.962e-03 2
0 0 0 0 0 0 19 8 12 a 2402.083627531 1.192e-03 4
0 0 0 0 0 0 20 4 16 s 2414.858213095 2.189e-03 2
0 0 0 0 0 0 20 5 16 s 2414.867579798 1.254e-03 3
0 0 0 0 0 0 20 4 16 a 2415.064213112 1.316e-03 2
0 0 0 0 0 0 20 5 16 a 2415.073223132 2.112e-03 2
0 0 0 0 1 0 11 3 8 s 2419.661757873 7.532e-04 1
0 0 0 0 0 0 19 8 11 s 2419.931601162 1.972e-03 3
0 0 0 0 0 0 19 8 11 a 2420.004491248 1.186e-03 4
0 0 0 0 1 0 9 9 0 s 2445.642871469 7.093e-04 1
0 0 0 0 1 0 9 9 1 s 2445.642929372 6.994e-04 1
0 0 0 0 0 0 19 9 11 s 2461.172984814 1.192e-03 2
0 0 0 0 0 0 19 9 11 a 2461.274549448 1.947e-03 2
0 0 0 0 0 0 19 9 10 s 2465.100121882 1.186e-03 4
0 0 0 0 0 0 19 9 10 a 2465.190963592 1.970e-03 3
0 0 0 0 0 0 17 14 4 s 2472.584404589 1.811e-03 2
0 0 0 0 0 0 17 14 3 s 2472.584426511 1.879e-03 2
0 0 0 0 0 0 17 14 4 a 2472.668498083 1.079e-03 3
0 0 0 0 0 0 17 14 3 a 2472.668601566 1.083e-03 3
0 0 0 0 0 0 18 12 7 s 2474.399278816 1.885e-03 2
0 0 0 0 0 0 18 12 6 s 2474.399683053 1.904e-03 2
0 0 0 0 0 0 18 12 7 a 2474.499791701 1.132e-03 3
0 0 0 0 0 0 18 12 6 a 2474.500104399 1.125e-03 2
0 1 0 0 0 0 13 12 2 s 2479.674827824 1.599e-03 1
0 1 0 0 0 0 13 12 1 a 2487.533828559 9.224e-04 1
0 1 0 0 0 0 13 12 2 a 2487.533868607 9.327e-04 1
0 0 0 0 1 0 13 0 13 a 2491.700570875 9.134e-04 1
0 0 0 0 0 0 20 5 15 s 2494.032984573 1.247e-03 2
0 0 0 0 0 0 20 5 15 a 2494.188908667 2.035e-03 2
0 0 0 0 0 0 20 6 15 s 2494.198739564 2.029e-03 2
0 0 0 0 0 0 20 6 15 a 2494.355721146 1.254e-03 3
1 0 0 0 0 0 0 0 0 a 2505.895920388 2.947e-04 2
1 0 0 0 0 0 0 0 0 s 2506.505495201 1.619e-03 2
1 0 0 0 0 0 1 0 1 a 2516.847640443 1.418e-03 4
1 0 0 0 0 0 1 0 1 s 2517.456056163 1.426e-03 4
0 0 0 0 0 0 16 16 1 s 2517.946419021 1.752e-03 2
0 0 0 0 0 0 16 16 0 s 2517.946440202 1.773e-03 2
0 0 0 0 0 0 16 16 0 a 2518.008235338 1.042e-03 2
0 0 0 0 0 0 16 16 1 a 2518.008275680 1.046e-03 2
1 0 0 0 0 0 1 1 1 a 2520.166571482 8.760e-04 3
1 0 0 0 0 0 1 1 1 s 2520.787092150 5.546e-04 4
1 0 0 0 0 0 1 1 0 a 2521.795765540 1.194e-03 4
1 0 0 0 0 0 1 1 0 s 2522.417532396 3.826e-04 4
0 0 0 0 0 0 19 10 10 s 2526.767147884 1.957e-03 1
0 0 0 0 0 0 19 10 10 a 2526.868431300 1.192e-03 2
0 0 0 0 0 0 19 10 9 s 2527.225128351 1.980e-03 1
0 0 0 0 0 0 19 10 9 a 2527.324871102 1.186e-03 2
1 0 0 0 0 0 2 0 2 a 2538.284157798 1.578e-04 4
1 0 0 0 0 0 2 0 2 s 2538.882539485 6.205e-04 4
1 0 0 0 0 0 2 1 2 a 2540.438443887 1.034e-03 3
0 0 0 0 0 0 21 3 18 s 2540.779763666 1.425e-03 1
1 0 0 0 0 0 2 1 2 s 2541.048994917 2.099e-04 5
0 0 0 0 0 0 21 4 18 a 2541.058248654 1.403e-03 1
0 1 0 0 0 0 14 11 3 s 2541.848901520 9.823e-04 1
0 1 0 0 0 0 14 11 4 s 2541.849058460 9.843e-04 1
1 0 0 0 0 0 2 1 1 a 2545.330407740 5.293e-04 3
1 0 0 0 0 0 2 1 1 s 2545.937989173 4.976e-04 6
1 0 0 0 0 0 2 2 1 a 2555.270807785 1.238e-03 5
1 0 0 0 0 0 2 2 0 a 2555.738339499 2.777e-04 4
1 0 0 0 0 0 2 2 1 s 2555.924092425 6.810e-04 5
1 0 0 0 0 0 2 2 0 s 2556.389470945 2.984e-04 4
0 0 0 0 0 0 20 6 14 s 2562.850345498 2.132e-03 2
0 0 0 0 0 0 20 6 14 a 2562.964916178 1.249e-03 2
0 0 0 0 0 0 20 7 14 s 2564.610342410 1.254e-03 3
0 0 0 0 0 0 20 7 14 a 2564.730425834 2.034e-03 1
0 0 0 0 0 0 18 13 6 s 2568.096016434 1.132e-03 2
0 0 0 0 0 0 18 13 5 s 2568.096315759 1.128e-03 3
0 0 0 0 0 0 18 13 6 a 2568.185901391 1.892e-03 2
0 0 0 0 0 0 18 13 5 a 2568.186159303 1.928e-03 2
1 0 0 0 0 0 3 0 3 a 2569.468938850 5.102e-04 4
1 0 0 0 0 0 3 0 3 s 2570.054890301 1.148e-03 4
1 0 0 0 0 0 3 1 3 a 2570.588342751 1.374e-03 4
1 0 0 0 0 0 3 1 3 s 2571.178257533 7.560e-04 5
1 0 0 0 0 0 3 1 2 a 2580.281724058 2.945e-04 6
1 0 0 0 0 0 3 1 2 s 2580.863657873 5.925e-04 6
0 0 0 0 0 0 17 15 2 s 2583.679382523 1.069e-03 3
0 0 0 0 0 0 17 15 3 s 2583.679480067 1.088e-03 3
0 0 0 0 0 0 17 15 2 a 2583.750500162 1.840e-03 2
0 0 0 0 0 0 17 15 3 a 2583.750519965 1.832e-03 2
1 0 0 0 0 0 3 2 2 a 2588.130097431 2.162e-04 6
1 0 0 0 0 0 3 2 2 s 2588.746598732 7.944e-04 6
1 0 0 0 0 0 3 2 1 a 2590.257875873 5.220e-04 6
1 0 0 0 0 0 3 2 1 s 2590.870384472 5.163e-04 4
0 0 0 0 0 0 19 11 9 s 2601.406022394 1.192e-03 2
0 0 0 0 0 0 19 11 8 s 2601.440435789 1.186e-03 2
0 0 0 0 0 0 19 11 9 a 2601.504355783 1.941e-03 2
0 0 0 0 0 0 19 11 8 a 2601.538378244 1.975e-03 2
1 0 0 0 0 0 3 3 1 a 2608.989726504 8.768e-04 4
1 0 0 0 0 0 3 3 0 a 2609.079043094 3.556e-04 3
1 0 0 0 0 0 3 3 1 s 2609.697073480 4.521e-04 5
1 0 0 0 0 0 3 3 0 s 2609.784514875 4.379e-04 4
1 0 0 0 0 0 4 0 4 a 2609.851714845 3.299e-04 4
1 0 0 0 0 0 4 1 4 a 2610.405882760 3.959e-04 4
1 0 0 0 0 0 4 0 4 s 2610.473327279 4.564e-04 4
1 0 0 0 0 0 4 1 4 s 2610.962201322 5.266e-04 5
0 0 0 0 0 0 20 7 13 s 2616.662126330 1.247e-03 2
0 0 0 0 0 0 20 7 13 a 2616.736839041 2.040e-03 1
1 0 0 0 0 0 4 1 3 a 2626.076972440 1.156e-03 5
1 0 0 0 0 0 4 1 3 s 2626.658199534 1.922e-04 5
0 0 0 0 0 0 20 8 13 s 2627.424029127 2.015e-03 2
0 0 0 0 0 0 20 8 13 a 2627.522586476 1.254e-03 2
1 0 0 0 0 0 4 2 3 a 2631.578009173 2.947e-04 6
1 0 0 0 0 0 4 2 3 s 2632.138472794 1.856e-03 5
0 0 0 0 0 0 21 4 17 s 2634.422591736 2.191e-03 1
0 0 0 0 0 0 21 5 17 s 2634.425769427 1.316e-03 2
0 0 0 0 0 0 21 4 17 a 2634.628578606 1.670e-03 2
1 0 0 0 0 0 4 2 2 a 2637.020822647 4.961e-04 6
1 0 0 0 0 0 4 2 2 s 2637.581043128 1.155e-03 5
1 0 0 0 0 0 4 3 1 a 2654.081757070 3.009e-03 3
1 0 0 0 0 0 4 3 2 s 2654.209198434 2.819e-04 6
1 0 0 0 0 0 4 3 1 s 2654.767388066 3.751e-04 6
0 0 0 0 0 0 20 8 12 s 2655.160519131 2.241e-03 1
0 0 0 0 0 0 20 8 12 a 2655.216900517 1.247e-03 2
1 0 0 0 0 0 5 0 5 a 2659.525899124 5.433e-04 4
1 0 0 0 0 0 5 1 5 a 2659.756187944 1.043e-03 3
1 0 0 0 0 0 5 0 5 s 2660.035735834 1.143e-03 3
1 0 0 0 0 0 5 1 5 s 2660.258959250 8.144e-04 5
0 0 0 0 0 0 18 14 5 s 2670.109762842 1.913e-03 2
0 0 0 0 0 0 18 14 4 s 2670.109766216 1.917e-03 2
0 0 0 0 0 0 18 14 4 a 2670.189310021 1.137e-03 2
0 0 0 0 0 0 18 14 5 a 2670.189520652 1.132e-03 2
1 0 0 0 0 0 4 4 1 a 2681.680604487 5.464e-04 5
1 0 0 0 0 0 4 4 0 a 2681.693714064 4.209e-04 4
1 0 0 0 0 0 5 1 4 a 2682.139957751 1.170e-03 2
1 0 0 0 0 0 4 4 1 s 2682.466849802 1.868e-03 5
1 0 0 0 0 0 4 4 0 s 2682.482098574 1.060e-03 4
1 0 0 0 0 0 5 1 4 s 2682.555573747 5.039e-04 6
0 0 0 0 0 0 19 12 8 s 2685.187804741 1.961e-03 2
0 0 0 0 0 0 19 12 7 s 2685.189214125 1.943e-03 2
0 0 0 0 0 0 19 12 8 a 2685.280518437 1.192e-03 2
0 0 0 0 0 0 19 12 7 a 2685.282344888 1.186e-03 2
1 0 0 0 0 0 5 2 4 a 2685.357265063 5.343e-04 6
0 0 0 0 0 0 20 9 12 s 2687.608422154 1.254e-03 1
0 0 0 0 0 0 20 9 12 a 2687.697897891 2.034e-03 1
1 0 0 0 0 0 5 2 3 a 2695.743506202 1.378e-03 5
0 0 0 0 0 0 20 9 11 s 2695.764497192 1.596e-03 1
0 0 0 0 0 0 20 9 11 a 2695.835073023 2.044e-03 1
1 0 0 0 0 0 5 2 3 s 2696.231699663 1.068e-03 5
0 0 0 0 0 0 17 16 2 s 2702.814524741 1.857e-03 2
0 0 0 0 0 0 17 16 1 s 2702.814525236 1.893e-03 2
0 0 0 0 0 0 17 16 2 a 2702.874882499 1.073e-03 2
0 0 0 0 0 0 17 16 1 a 2702.874940462 1.087e-03 2
0 1 0 0 0 0 15 11 5 s 2707.560141199 1.027e-03 1
1 0 0 0 0 0 5 3 3 a 2709.113741655 8.942e-04 3
1 0 0 0 0 0 5 3 3 s 2709.710599610 1.668e-03 4
1 0 0 0 0 0 5 3 2 a 2711.286683763 1.774e-03 5
1 0 0 0 0 0 5 3 2 s 2711.869952307 1.438e-03 6
1 0 0 0 0 0 6 0 6 a 2718.567899144 3.680e-04 2
0 0 0 0 0 0 21 5 16 s 2719.326603862 1.379e-03 2
0 0 0 0 0 0 21 6 16 s 2719.389117563 2.368e-03 1
0 0 0 0 0 0 21 5 16 a 2719.480953138 2.263e-03 1
0 0 0 0 0 0 21 6 16 a 2719.544557362 1.316e-03 2
1 0 0 0 0 0 5 4 2 a 2737.167108905 5.145e-04 5
1 0 0 0 0 0 5 4 1 a 2737.515149264 1.719e-03 4
1 0 0 0 0 0 5 4 2 s 2738.072514607 1.493e-03 5
1 0 0 0 0 0 5 4 1 s 2738.188417453 6.291e-04 2
0 1 0 0 0 0 14 13 1 a 2740.185821209 1.676e-03 1
0 1 0 0 0 0 14 13 2 a 2740.185821704 1.718e-03 1
1 0 0 0 0 0 6 1 5 a 2747.609993666 1.253e-03 2
1 0 0 0 0 0 6 1 5 s 2747.735600516 7.026e-04 3
1 0 0 0 0 0 6 2 5 a 2749.360840317 7.222e-04 3
0 0 0 0 0 0 20 10 11 s 2752.058148814 2.015e-03 1
0 0 0 0 0 0 20 10 11 a 2752.147616337 1.254e-03 2
0 0 0 0 0 0 20 10 10 s 2753.269057938 2.041e-03 1
0 0 0 0 0 0 20 10 10 a 2753.354971843 1.596e-03 2
1 0 0 0 0 0 6 2 4 a 2765.824084018 6.409e-04 3
1 0 0 0 0 0 5 5 0 a 2773.393575504 1.914e-03 3
1 0 0 0 0 0 5 5 1 a 2773.393661244 1.569e-03 3
1 0 0 0 0 0 5 5 1 s 2774.290362629 1.104e-03 4
1 0 0 0 0 0 5 5 0 s 2774.291734298 1.425e-03 4
1 0 0 0 0 0 6 3 4 s 2776.028394492 8.024e-04 3
0 0 0 0 0 0 19 13 7 s 2777.705885031 1.192e-03 1
0 0 0 0 0 0 19 13 6 s 2777.706197729 1.186e-03 1
0 0 0 0 0 0 19 13 7 a 2777.790466863 1.958e-03 1
0 0 0 0 0 0 19 13 6 a 2777.790871100 1.977e-03 1
0 0 0 0 0 0 18 15 4 s 2780.289979341 1.138e-03 2
0 0 0 0 0 0 18 15 3 s 2780.290082824 1.141e-03 2
0 0 0 0 0 0 18 15 4 a 2780.358291282 1.885e-03 2
0 0 0 0 0 0 18 15 3 a 2780.358313204 1.958e-03 2
0 0 0 0 0 0 21 6 15 s 2794.553502896 2.301e-03 2
0 0 0 0 0 0 21 6 15 a 2794.667365442 1.310e-03 1
0 0 0 0 0 0 21 7 15 s 2795.337108743 1.316e-03 2
0 0 0 0 0 0 21 7 15 a 2795.453883214 2.098e-03 2
0 0 0 0 0 0 20 11 10 s 2825.002048791 1.254e-03 1
0 0 0 0 0 0 20 11 9 s 2825.112649339 1.247e-03 1
0 0 0 0 0 0 17 17 0 s 2829.945168721 1.103e-03 1
0 0 0 0 0 0 17 17 1 s 2829.945209063 1.106e-03 1
0 0 0 0 0 0 17 17 1 a 2829.994129040 1.833e-03 1
0 0 0 0 0 0 17 17 0 a 2829.994150222 1.844e-03 1
1 0 0 0 0 0 6 5 2 s 2840.896537466 1.067e-03 3
0 0 0 0 0 0 21 7 14 s 2856.747957245 1.646e-03 2
0 0 0 0 0 0 21 7 14 a 2856.823151178 2.210e-03 2
0 0 0 0 0 0 21 8 14 a 2862.800065382 1.316e-03 1
0 0 0 0 0 0 19 14 6 s 2878.650949848 1.965e-03 2
0 0 0 0 0 0 19 14 5 s 2878.651207760 2.004e-03 2
0 0 0 0 0 0 19 14 6 a 2878.726812890 1.192e-03 2
0 0 0 0 0 0 19 14 5 a 2878.727112215 1.189e-03 2
1 0 0 0 0 0 6 6 1 a 2884.064379137 1.030e-03 2
1 0 0 0 0 0 6 6 0 a 2884.065122602 7.121e-04 2
1 0 0 0 0 0 6 6 1 s 2885.108457151 2.355e-03 2
0 0 0 0 0 0 18 16 2 s 2898.539072995 1.913e-03 1
0 0 0 0 0 0 18 16 3 s 2898.539092798 1.911e-03 1
0 0 0 0 0 0 18 16 2 a 2898.597611720 1.128e-03 2
0 0 0 0 0 0 18 16 3 a 2898.597709264 1.146e-03 2
0 0 0 0 0 0 21 8 13 a 2901.533502247 1.310e-03 2
0 0 0 0 0 0 20 12 9 s 2907.254642536 2.008e-03 1
0 0 0 0 0 0 20 12 8 s 2907.261346098 2.045e-03 1
0 0 0 0 0 0 20 12 9 a 2907.338935490 1.254e-03 1
0 0 0 0 0 0 20 12 8 a 2907.345963273 1.247e-03 1
0 0 0 0 0 0 21 9 13 s 2924.971763800 1.316e-03 2
0 0 0 0 0 0 21 9 13 a 2925.050062134 2.081e-03 1
0 0 0 0 0 0 21 9 12 s 2939.893141438 1.645e-03 1
0 0 0 0 0 0 22 5 17 s 2953.369352265 1.987e-03 2
0 0 0 0 0 0 22 6 17 a 2953.545371828 1.379e-03 2
0 0 0 0 0 0 19 15 4 s 2987.829055314 1.197e-03 1
0 0 0 0 0 0 19 15 5 s 2987.829265946 1.192e-03 1
0 0 0 0 0 0 19 15 5 a 2987.894608517 1.989e-03 1
0 0 0 0 0 0 19 15 4 a 2987.894611891 1.991e-03 1
0 0 0 0 0 0 20 13 8 s 2998.452039249 1.254e-03 2
0 0 0 0 0 0 20 13 7 s 2998.453865701 1.247e-03 2
0 0 0 0 0 0 20 13 8 a 2998.529643381 2.031e-03 1
0 0 0 0 0 0 20 13 7 a 2998.531052765 2.005e-03 1
0 0 0 0 0 0 18 17 2 s 3024.798357972 1.132e-03 1
0 0 0 0 0 0 18 17 1 s 3024.798415935 1.145e-03 1
0 0 0 0 0 0 18 17 2 a 3024.845774773 1.941e-03 1
0 0 0 0 0 0 18 17 1 a 3024.845775268 1.974e-03 1
0 0 0 0 0 0 22 6 16 a 3034.714958295 1.443e-03 1
0 0 0 0 0 0 22 7 16 s 3034.932911795 1.379e-03 1
0 0 0 0 0 0 21 11 11 s 3060.090553314 1.316e-03 2
0 0 0 0 0 0 21 11 10 s 3060.410895178 2.165e-03 1
0 0 0 0 0 0 20 14 6 a 3098.285538062 1.316e-03 2
0 0 0 0 0 0 20 14 7 a 3098.287364514 1.310e-03 2
0 0 0 0 0 0 22 7 15 a 3104.462666788 2.540e-03 2
0 0 0 0 0 0 19 16 4 s 3105.116194298 1.956e-03 2
0 0 0 0 0 0 19 16 3 s 3105.116216220 2.033e-03 2
0 0 0 0 0 0 19 16 4 a 3105.172335121 1.198e-03 2
0 0 0 0 0 0 19 16 3 a 3105.172438604 1.201e-03 2
0 0 0 0 0 0 22 8 15 s 3107.390816598 2.164e-03 1
0 0 0 0 0 0 22 8 15 a 3107.476515533 1.379e-03 1
0 0 0 0 0 0 22 8 14 s 3157.385682341 2.285e-03 1
0 0 0 0 0 0 22 8 14 a 3157.428470028 1.967e-03 1
0 0 0 0 0 0 22 9 13 s 3196.959946898 1.696e-03 2
0 0 0 0 0 0 20 15 6 s 3206.298629256 1.254e-03 2
0 0 0 0 0 0 20 15 5 s 3206.298928581 1.250e-03 2
0 0 0 0 0 0 20 15 6 a 3206.358326663 2.035e-03 1
0 0 0 0 0 0 20 15 5 a 3206.358584574 2.078e-03 1
0 0 0 0 0 0 19 17 2 s 3230.433578054 1.189e-03 2
0 0 0 0 0 0 19 17 3 s 3230.433675598 1.206e-03 2
0 0 0 0 0 0 22 10 13 a 3237.043890711 1.379e-03 1
0 0 0 0 0 0 23 6 17 a 3283.260239647 2.263e-03 1
0 0 0 0 0 0 23 7 17 s 3283.284887824 1.443e-03 1
0 0 1 0 0 0 1 0 1 a 3378.621211257 7.442e-04 3
0 0 1 0 0 0 1 1 1 s 3379.403954713 1.147e-03 3
0 0 1 0 0 0 1 1 0 s 3381.091532396 3.210e-04 4
0 0 1 0 0 0 1 1 1 a 3381.745096203 2.470e-04 2
0 0 1 0 0 0 1 1 0 a 3383.423902996 7.027e-04 2
0 0 0 0 0 0 22 12 11 a 3385.430425607 1.379e-03 1
0 0 1 0 0 0 2 0 2 s 3397.800907465 3.861e-04 2
0 0 1 0 0 0 2 1 2 s 3399.768851144 9.817e-04 3
0 0 1 0 0 0 2 0 2 a 3400.162907798 8.963e-04 4
0 0 1 0 0 0 2 1 2 a 3402.112703865 1.023e-03 2
0 0 1 0 0 0 2 1 1 s 3404.824822507 1.523e-03 6
0 0 1 0 0 0 2 1 1 a 3407.168119808 2.477e-04 3
0 0 1 0 0 0 2 2 1 s 3414.216202974 1.050e-03 3
0 0 1 0 0 0 2 2 0 s 3414.734238920 1.049e-03 3
0 0 1 0 0 0 2 2 1 a 3416.520322222 2.856e-04 4
0 0 1 0 0 0 2 2 0 a 3417.039589499 3.921e-04 4
0 0 0 0 0 0 23 8 15 s 3421.493257331 2.935e-03 1
0 0 1 0 0 0 3 0 3 s 3429.052864241 1.132e-03 3
0 0 1 0 0 0 3 1 3 s 3430.023502278 7.522e-04 4
0 0 1 0 0 0 3 0 3 a 3431.432688850 1.856e-03 4
0 0 1 0 0 0 3 1 3 a 3432.391103492 4.313e-04 2
0 0 0 0 0 0 21 15 6 s 3435.696627971 1.379e-03 1
0 0 0 0 0 0 21 15 7 s 3435.698454422 1.373e-03 1
0 0 1 0 0 0 3 1 2 s 3440.022671292 6.357e-04 5
0 0 1 0 0 0 3 1 2 a 3442.381005675 1.302e-03 5
0 0 0 0 0 0 20 17 4 s 3446.844039217 1.259e-03 1
0 0 0 0 0 0 20 17 3 s 3446.844142700 1.262e-03 1
0 0 0 0 0 0 20 17 4 a 3446.886966930 2.025e-03 1
0 0 0 0 0 0 20 17 3 a 3446.886988852 2.106e-03 1
0 0 1 0 0 0 3 2 2 s 3447.277085075 7.775e-04 5
0 0 1 0 0 0 3 2 2 a 3449.596930764 3.036e-04 6
0 0 1 0 0 0 3 2 1 s 3449.607382173 1.480e-03 4
0 0 0 1 0 0 1 0 1 s 3449.884146770 2.708e-04 2
0 0 0 1 0 0 1 0 1 a 3450.056374564 8.598e-04 2
0 0 1 0 0 0 3 2 1 a 3451.931709206 8.427e-04 6
0 0 0 1 0 0 1 1 1 s 3453.051591491 1.947e-03 3
0 0 0 1 0 0 1 1 1 a 3453.215640352 3.420e-04 3
0 0 0 1 0 0 1 1 0 s 3454.682096203 2.516e-04 2
0 0 0 1 0 0 1 1 0 a 3454.844537531 1.535e-04 2
0 0 1 0 0 0 3 3 1 s 3467.397073480 7.649e-04 5
0 0 1 0 0 0 3 3 0 s 3467.502514875 7.031e-04 4
0 0 1 0 0 0 3 3 1 a 3469.655414607 9.129e-04 5
0 0 1 0 0 0 3 3 0 a 3469.759709761 1.044e-03 3
0 0 1 0 0 0 4 1 4 s 3469.935601322 6.218e-04 5
0 0 0 1 0 0 2 0 2 s 3471.424337309 8.229e-04 3
0 0 0 1 0 0 2 0 2 a 3471.620524047 3.129e-03 3
0 0 1 0 0 0 4 0 4 a 3471.944214845 1.249e-03 4
0 0 1 0 0 0 4 1 4 a 3472.334508024 2.414e-04 2
0 0 0 1 0 0 2 1 2 s 3473.477484780 5.555e-04 4
0 0 0 1 0 0 2 1 2 a 3473.664647550 6.328e-04 4
0 0 0 1 0 0 2 1 1 s 3478.360273894 3.822e-04 3
0 0 0 1 0 0 2 1 1 a 3478.525581030 4.499e-04 3
0 0 1 0 0 0 4 1 3 s 3486.074199534 4.558e-04 5
0 0 0 1 0 0 2 2 1 s 3487.864849747 6.176e-04 4
0 0 0 1 0 0 2 2 1 a 3487.994143835 7.285e-04 2
0 0 0 1 0 0 2 2 0 s 3488.347169484 4.786e-04 3
0 0 1 0 0 0 4 1 3 a 3488.451808728 1.677e-03 4
0 0 0 1 0 0 2 2 0 a 3488.481722256 4.160e-04 2
0 0 1 0 0 0 4 2 3 s 3490.930329190 9.755e-04 4
0 0 1 0 0 0 4 2 3 a 3493.273175840 5.316e-04 6
0 0 1 0 0 0 4 2 2 s 3496.824735182 9.554e-04 5
0 0 1 0 0 0 4 2 2 a 3499.176155980 8.387e-04 6
0 0 0 1 0 0 3 0 3 s 3502.759414583 2.407e-04 3
0 0 0 1 0 0 3 0 3 a 3502.987082011 1.261e-03 2
0 0 0 1 0 0 3 1 3 s 3503.839953301 2.388e-03 2
0 0 0 1 0 0 3 1 3 a 3503.984784625 4.913e-04 4
0 0 0 0 0 0 23 10 13 a 3508.118508465 2.012e-03 1
0 0 1 0 0 0 4 3 2 s 3512.231865101 9.599e-04 6
0 0 1 0 0 0 4 3 1 s 3512.927206960 3.823e-04 4
0 0 0 1 0 0 3 1 2 s 3513.502791334 1.640e-03 3
0 0 0 1 0 0 3 1 2 a 3513.667517638 1.105e-03 4
0 0 1 0 0 0 4 3 2 a 3514.517279503 2.224e-03 4
0 0 1 0 0 0 5 0 5 s 3519.185694009 1.695e-03 3
0 0 1 0 0 0 5 1 5 s 3519.334079986 5.920e-04 4
0 0 0 1 0 0 3 2 2 s 3520.928018340 7.538e-04 5
0 0 1 0 0 0 5 0 5 a 3521.607149124 5.892e-04 4
0 0 1 0 0 0 5 1 5 a 3521.768840334 1.550e-03 2
0 0 0 1 0 0 3 2 1 s 3523.111642045 7.433e-04 4
0 0 0 1 0 0 3 2 1 a 3523.221302512 7.584e-04 3
0 0 1 0 0 0 4 4 1 s 3539.295693285 8.507e-04 4
0 0 1 0 0 0 4 4 0 s 3539.301083062 1.699e-03 2
0 0 0 1 0 0 3 3 1 s 3541.078555137 3.584e-04 3
0 0 0 1 0 0 3 3 1 a 3541.167280120 2.790e-03 3
0 0 0 1 0 0 3 3 0 s 3541.172645684 3.402e-04 2
0 0 0 1 0 0 3 3 0 a 3541.259955615 1.211e-03 3
0 0 1 0 0 0 4 4 1 a 3541.493604487 6.911e-04 5
0 0 1 0 0 0 4 4 0 a 3541.509964064 2.075e-03 4
0 0 1 0 0 0 5 1 4 s 3542.123740413 1.659e-03 6
0 0 0 1 0 0 4 0 4 s 3543.418656649 7.117e-04 3
0 0 0 1 0 0 4 0 4 a 3543.660118227 8.221e-04 3
0 0 0 1 0 0 4 1 4 a 3544.073555630 2.831e-04 4
0 0 1 0 0 0 5 1 4 a 3544.521464487 1.028e-03 4
0 0 1 0 0 0 5 2 4 s 3544.852060267 1.847e-03 4
0 0 1 0 0 0 5 2 4 a 3547.217393703 4.510e-04 4
0 0 0 0 0 0 21 16 6 a 3550.854995648 1.316e-03 1
0 0 0 0 0 0 21 16 5 a 3550.855294972 1.313e-03 1
0 0 1 0 0 0 5 2 3 s 3556.013382990 9.781e-04 4
0 0 1 0 0 0 5 2 3 a 3558.387955532 3.510e-04 5
0 0 0 1 0 0 4 1 3 s 3559.543341545 9.797e-04 3
0 0 0 1 0 0 4 1 3 a 3559.635912189 6.015e-04 4
0 0 0 1 0 0 4 2 3 s 3564.620856970 8.431e-04 5
0 0 1 0 0 0 5 3 3 s 3568.244292053 2.481e-03 6
0 0 0 1 0 0 4 2 2 s 3570.184650486 5.646e-04 4
0 0 1 0 0 0 5 3 3 a 3570.537615964 1.065e-03 5
0 0 1 0 0 0 5 3 2 s 3570.665618974 4.579e-04 6
0 0 1 0 0 0 5 3 2 a 3572.997981141 1.934e-03 5
0 0 1 0 0 0 6 0 6 s 3578.056432419 1.244e-03 3
0 0 1 0 0 0 6 1 6 s 3578.106771403 1.573e-03 3
0 0 0 0 0 0 20 18 2 a 3579.177174533 1.250e-03 1
0 0 0 0 0 0 20 18 3 a 3579.177272076 1.266e-03 1
0 0 1 0 0 0 6 1 6 a 3580.586576795 2.556e-03 3
0 0 0 1 0 0 4 3 2 s 3585.854496591 9.642e-04 2
0 0 0 1 0 0 4 3 2 a 3585.944741072 4.083e-04 4
0 0 0 1 0 0 4 3 1 a 3586.568510060 5.860e-04 4
0 0 0 1 0 0 5 0 5 s 3593.304823669 4.754e-04 3
0 0 0 1 0 0 5 1 5 s 3593.420753712 9.881e-04 2
0 0 0 1 0 0 5 1 5 a 3593.709840433 6.962e-04 3
0 0 1 0 0 0 5 4 2 s 3595.436150037 2.748e-03 4
0 0 1 0 0 0 5 4 1 s 3595.567016060 6.806e-04 2
0 0 1 0 0 0 5 4 2 a 3597.650564123 1.301e-03 6
0 0 1 0 0 0 5 4 1 a 3597.820207614 5.035e-04 5
0 0 1 0 0 0 6 1 5 s 3607.413178252 1.010e-03 4
0 0 1 0 0 0 6 1 5 a 3609.928288313 1.058e-03 3
0 0 1 0 0 0 6 2 5 a 3611.089062258 1.006e-03 3
0 0 0 1 0 0 4 4 1 s 3613.051223393 6.426e-04 3
0 0 0 1 0 0 4 4 0 s 3613.063531430 2.394e-03 3
0 0 0 1 0 0 4 4 1 a 3613.069083062 1.036e-03 2
0 0 0 1 0 0 5 1 4 s 3615.659205174 7.122e-04 2
0 0 0 1 0 0 5 1 4 a 3616.003772219 5.267e-04 2
0 0 0 1 0 0 5 2 4 s 3618.654981842 8.157e-04 4
0 0 1 0 0 0 6 2 4 s 3626.484485900 9.250e-04 2
0 0 1 0 0 0 6 2 4 a 3628.826108943 6.918e-04 5
0 0 0 1 0 0 5 2 3 s 3629.236116630 1.231e-03 5
0 0 1 0 0 0 5 5 0 s 3629.942356055 1.376e-03 3
0 0 1 0 0 0 5 5 1 s 3629.942598615 1.159e-03 4
0 0 1 0 0 0 5 5 0 a 3632.111908837 1.610e-03 3
0 0 1 0 0 0 6 3 4 s 3635.147265348 2.281e-03 3
0 0 1 0 0 0 6 3 4 a 3637.508372990 1.537e-03 3
0 0 1 0 0 0 6 3 3 s 3641.082033033 6.595e-04 5
0 0 0 1 0 0 5 3 3 a 3641.886061747 3.944e-04 4
0 0 0 1 0 0 5 3 2 a 3644.103960278 1.084e-03 4
0 0 0 1 0 0 6 0 6 s 3652.465744168 5.213e-04 3
0 0 0 1 0 0 6 1 6 s 3652.514145868 1.195e-03 2
0 0 0 1 0 0 6 0 6 a 3652.600052035 7.152e-04 2
0 0 1 0 0 0 6 4 3 s 3663.000120733 9.561e-04 3
0 0 1 0 0 0 6 4 2 s 3663.783669390 1.405e-03 2
0 0 0 1 0 0 5 4 2 s 3669.085716773 1.260e-03 4
0 0 0 1 0 0 5 4 1 s 3669.213472152 1.892e-03 4
0 0 1 0 0 0 7 1 6 s 3681.678786628 6.298e-04 2
0 0 1 0 0 0 7 2 6 a 3684.563655293 5.823e-04 2
0 0 1 0 0 0 6 5 2 s 3697.195623752 1.519e-03 3
0 0 0 1 0 0 6 2 4 s 3699.612938420 5.760e-04 4
0 0 0 1 0 0 5 5 1 a 3703.774221526 7.971e-04 2
0 0 0 1 0 0 5 5 0 a 3703.774457893 6.356e-04 2
0 0 1 0 0 0 7 2 5 s 3707.360170777 1.379e-03 2
0 0 1 0 0 0 7 2 5 a 3709.639722911 1.045e-03 2
0 0 1 0 0 0 7 3 5 s 3712.620628499 5.633e-04 2
0 0 0 1 0 0 6 3 3 a 3714.235256659 6.297e-04 2
0 0 1 0 0 0 7 3 5 a 3714.977490887 1.026e-03 2
0 0 0 1 0 0 7 0 7 s 3720.935155293 7.547e-04 2
0 0 1 0 0 0 7 3 4 a 3726.370771049 1.120e-03 2
0 0 0 1 0 0 6 4 3 s 3736.517307908 1.179e-03 4
0 0 0 1 0 0 6 4 2 s 3737.118725629 4.506e-04 3
0 0 1 0 0 0 6 6 1 s 3739.303699064 1.375e-03 3
0 0 1 0 0 0 6 6 0 s 3739.304224074 1.925e-03 3
0 0 1 0 0 0 6 6 0 a 3741.442410960 7.448e-04 3
0 0 1 0 0 0 6 6 1 a 3741.443985979 1.667e-03 4
0 0 1 0 0 0 7 4 4 a 3744.257261985 3.592e-03 2
0 0 1 0 0 0 7 4 3 a 3746.486267105 6.313e-04 2
0 0 0 1 0 0 7 1 6 a 3755.751105118 1.062e-03 2
0 0 0 1 0 0 7 2 6 s 3756.112293417 1.808e-03 3
0 0 0 1 0 0 6 5 2 a 3770.897442400 1.709e-03 3
0 0 0 1 0 0 6 5 1 a 3770.921623752 5.915e-04 3
0 0 1 0 0 0 7 5 3 s 3775.922854598 5.377e-04 2
0 0 0 1 0 0 7 2 5 s 3780.430005324 2.304e-03 3
0 0 0 1 0 0 6 6 0 s 3813.396936919 1.371e-03 3
0 0 0 1 0 0 7 4 4 s 3815.286267105 6.823e-04 2