  9.90939056713333 0.00303876782 0.00303876782 0 0 0 0 0 0  4  3  2 a 0 0 0 0 0 0  4  2  2 s   21MeBiDoKi.1
 11.20616708731000 0.00626340597 0.00626340597 0 0 0 0 0 0  1  1  1 s 0 0 0 0 0 0  0  0  0 s   21MeBiDoKi.2
 12.64191226114000 0.02366971588 0.02366971588 0 0 0 0 0 0  1  1  0 s 0 0 0 0 0 0  0  0  0 a   21MeBiDoKi.3
 12.98097832269918 0.03518400003 0.03518400003 0 0 0 0 0 0  1  1  0 a 0 0 0 0 0 0  0  0  0 s   21MeBiDoKi.4
 14.77610432220000 0.00016700000 0.00016700000 0 0 0 0 0 0  3  3  0 s 0 0 0 0 0 0  3  2  2 a   21MeBiDoKi.5
 17.44667907132727 0.01146092016 0.01146092016 0 0 0 0 0 0  4  3  1 a 0 0 0 0 0 0  4  2  3 s   21MeBiDoKi.6
 26.57244441120000 0.00016700000 0.00016700000 0 0 0 0 0 0  2  2  0 s 0 0 0 0 0 0  1  1  0 a   21MeBiDoKi.7
 34.57834500826667 0.00341664569 0.00341664569 0 0 0 0 0 0  9  7  2 a 0 0 0 0 0 0  9  6  4 s   21MeBiDoKi.8
 34.75199511526666 0.00412516668 0.00412516668 0 0 0 0 0 0  8  7  1 s 0 0 0 0 0 0  8  6  3 a   21MeBiDoKi.9
 34.96644073655000 0.00440046585 0.00440046585 0 0 0 0 0 0  8  7  2 a 0 0 0 0 0 0  8  6  2 s  21MeBiDoKi.10
 34.98244222286666 0.02695543937 0.02695543937 0 0 0 0 0 0  3  1  2 s 0 0 0 0 0 0  2  0  2 a  21MeBiDoKi.11
 35.14457317086667 0.00601455600 0.00601455600 0 0 0 0 0 0  7  7  1 s 0 0 0 0 0 0  7  6  1 a  21MeBiDoKi.12
 35.31921949966667 0.02704440897 0.02704440897 0 0 0 0 0 0  3  1  2 a 0 0 0 0 0 0  2  0  2 s  21MeBiDoKi.13
 35.40548269280000 0.00334000000 0.00334000000 0 0 0 0 0 0  7  7  1 a 0 0 0 0 0 0  7  6  1 s  21MeBiDoKi.14
 35.41798183285000 0.00553858087 0.00553858087 0 0 0 0 0 0  7  7  0 a 0 0 0 0 0 0  7  6  2 s  21MeBiDoKi.15
 36.13781503400000 0.00066800000 0.00066800000 0 0 0 0 0 0  3  2  1 s 0 0 0 0 0 0  2  1  1 a  21MeBiDoKi.16
 38.25369799773333 0.02338013254 0.02338013254 0 0 0 0 0 0  3  2  2 s 0 0 0 0 0 0  2  1  2 a  21MeBiDoKi.17
 46.53791200000000 0.05000000000 0.05000000000 0 0 0 0 0 0  4  2  2 s 0 0 0 0 0 0  3  1  2 a  21MeBiDoKi.18
 47.54417214720000 0.00334000000 0.00334000000 0 0 0 0 0 0  4  1  3 s 0 0 0 0 0 0  3  0  3 a  21MeBiDoKi.19
 47.81673800000000 0.05000000000 0.05000000000 0 0 0 0 0 0  4  1  3 a 0 0 0 0 0 0  3  0  3 s  21MeBiDoKi.20
 49.52109500000000 0.05000000000 0.05000000000 0 0 0 0 0 0  4  2  3 s 0 0 0 0 0 0  3  1  3 a  21MeBiDoKi.21
 49.88368411710000 0.03251611710000 0.03251611710000 0 0 0 0 0 0  4  2  3 a 0 0 0 0 0 0  3  1  3 s  21MeBiDoKi.22
 49.90153696620000 0.0334000000 0.0334000000 0 0 0 0 0 0 11  1 10 a 0 0 0 0 0 0 10  2  8 s  21MeBiDoKi.23
 49.99621100300000 0.0334000000 0.0334000000 0 0 0 0 0 0 12 10  2 s 0 0 0 0 0 0 12  9  4 a  21MeBiDoKi.24
 50.09603578740000 0.0334000000 0.0334000000 0 0 0 0 0 0  8  4  5 a 0 0 0 0 0 0  7  5  3 s  21MeBiDoKi.25
 50.18143895279999 0.0334000000 0.0334000000 0 0 0 0 0 0 12 10  3 a 0 0 0 0 0 0 12  9  3 s  21MeBiDoKi.26
 50.19939606200000 0.0334000000 0.0334000000 0 0 0 0 0 0  8  3  5 s 0 0 0 0 0 0  8  2  7 a  21MeBiDoKi.27
 50.33866314020000 0.0334000000 0.0334000000 0 0 0 0 0 0  4  3  1 s 0 0 0 0 0 0  3  2  1 a  21MeBiDoKi.28
 50.37386650639999 0.0334000000 0.0334000000 0 0 0 0 0 0 11 10  2 s 0 0 0 0 0 0 11  9  2 a  21MeBiDoKi.29
 50.37437655780000 0.0334000000 0.0334000000 0 0 0 0 0 0 11 10  1 s 0 0 0 0 0 0 11  9  3 a  21MeBiDoKi.30
 50.49999419160000 0.0334000000 0.0334000000 0 0 0 0 0 0  8  3  5 a 0 0 0 0 0 0  8  2  7 s  21MeBiDoKi.31
 50.56530745740000 0.0668000000 0.0668000000 0 0 0 0 0 0 11 10  2 a 0 0 0 0 0 0 11  9  2 s  21MeBiDoKi.32
 50.56581493700000 0.0334000000 0.0334000000 0 0 0 0 0 0 11 10  1 a 0 0 0 0 0 0 11  9  3 s  21MeBiDoKi.33
 50.58993902220000 0.0334000000 0.0334000000 0 0 0 0 0 0  9  6  3 a 0 0 0 0 0 0  8  7  1 s  21MeBiDoKi.34
 50.64695375740000 0.0334000000 0.0334000000 0 0 0 0 0 0 10 10  1 s 0 0 0 0 0 0 10  9  1 a  21MeBiDoKi.35
 50.64695375740000 0.0334000000 0.0334000000 0 0 0 0 0 0 10 10  0 s 0 0 0 0 0 0 10  9  2 a  21MeBiDoKi.36
 50.64834182799999 0.0334000000 0.0334000000 0 0 0 0 0 0  4  3  1 a 0 0 0 0 0 0  3  2  1 s  21MeBiDoKi.37
 50.84102459100000 0.0334000000 0.0334000000 0 0 0 0 0 0 10 10  0 a 0 0 0 0 0 0 10  9  2 s  21MeBiDoKi.38
 50.84102459100000 0.0334000000 0.0334000000 0 0 0 0 0 0 10 10  1 a 0 0 0 0 0 0 10  9  1 s  21MeBiDoKi.39
 51.93651005770000 0.03393105769999 0.03393105769999 0 0 0 0 0 0  4  3  2 s 0 0 0 0 0 0  3  2  2 a  21MeBiDoKi.40
 52.24576851460000 0.03413051460000 0.03413051460000 0 0 0 0 0 0  4  3  2 a 0 0 0 0 0 0  3  2  2 s  21MeBiDoKi.41
 56.42028600000000 0.05000000000 0.05000000000 0 0 0 0 0 0  4  4  0 s 0 0 0 0 0 0  3  3  0 a  21MeBiDoKi.42
 56.58240900000000 0.05000000000 0.05000000000 0 0 0 0 0 0  4  4  1 s 0 0 0 0 0 0  3  3  0 s  21MeBiDoKi.43
 56.70619700000000 0.05000000000 0.05000000000 0 0 0 0 0 0  4  4  0 a 0 0 0 0 0 0  3  3  1 a  21MeBiDoKi.44
 56.77015100000000 0.05000000000 0.05000000000 0 0 0 0 0 0  4  4  0 a 0 0 0 0 0 0  3  3  0 s  21MeBiDoKi.45
 56.86821400000000 0.05000000000 0.05000000000 0 0 0 0 0 0  4  4  1 a 0 0 0 0 0 0  3  3  1 s  21MeBiDoKi.46
 58.05168000000000 0.05000000000 0.05000000000 0 0 0 0 0 0  5  2  3 s 0 0 0 0 0 0  4  1  3 a  21MeBiDoKi.47
 58.37273700000000 0.05000000000 0.05000000000 0 0 0 0 0 0  5  2  3 a 0 0 0 0 0 0  4  1  3 s  21MeBiDoKi.48
 59.45055300000000 0.05000000000 0.05000000000 0 0 0 0 0 0  5  3  2 s 0 0 0 0 0 0  4  2  2 a  21MeBiDoKi.49
 59.75850100000000 0.05000000000 0.05000000000 0 0 0 0 0 0  5  3  2 a 0 0 0 0 0 0  4  2  2 s  21MeBiDoKi.50
 59.94688700000000 0.05000000000 0.05000000000 0 0 0 0 0 0 10  2  8 s 0 0 0 0 0 0  9  3  6 a  21MeBiDoKi.51
 59.99955200000000 0.05000000000 0.05000000000 0 0 0 0 0 0  7  2  6 s 0 0 0 0 0 0  6  1  5 s  21MeBiDoKi.52
 60.35084900000000 0.05000000000 0.05000000000 0 0 0 0 0 0  5  1  4 s 0 0 0 0 0 0  4  0  4 a  21MeBiDoKi.53
 60.68390100000000 0.05000000000 0.05000000000 0 0 0 0 0 0  5  1  4 a 0 0 0 0 0 0  4  0  4 s  21MeBiDoKi.54
 61.32305400000000 0.05000000000 0.05000000000 0 0 0 0 0 0  5  2  4 s 0 0 0 0 0 0  4  1  4 a  21MeBiDoKi.55
 61.65355000000000 0.05000000000 0.05000000000 0 0 0 0 0 0  5  2  4 a 0 0 0 0 0 0  4  1  4 s  21MeBiDoKi.56
 62.25872000000000 0.05000000000 0.05000000000 0 0 0 0 0 0  8  0  8 s 0 0 0 0 0 0  7  1  7 s  21MeBiDoKi.57
 62.26579700000000 0.05000000000 0.05000000000 0 0 0 0 0 0  8  1  8 a 0 0 0 0 0 0  7  0  7 a  21MeBiDoKi.58
 62.46262100000000 0.05000000000 0.05000000000 0 0 0 0 0 0  5  3  3 s 0 0 0 0 0 0  4  2  3 a  21MeBiDoKi.59
 62.77087400000000 0.05000000000 0.05000000000 0 0 0 0 0 0  5  3  3 a 0 0 0 0 0 0  4  2  3 s  21MeBiDoKi.60
 64.47636700000000 0.05000000000 0.05000000000 0 0 0 0 0 0  8  3  5 s 0 0 0 0 0 0  7  4  3 a  21MeBiDoKi.61
 64.75091999999999 0.05000000000 0.05000000000 0 0 0 0 0 0  8  3  5 a 0 0 0 0 0 0  7  4  3 s  21MeBiDoKi.62
 65.18024699999999 0.05000000000 0.05000000000 0 0 0 0 0 0  5  4  2 a 0 0 0 0 0 0  4  3  1 a  21MeBiDoKi.63
 65.37504100000000 0.05000000000 0.05000000000 0 0 0 0 0 0  5  4  1 s 0 0 0 0 0 0  4  3  1 a  21MeBiDoKi.64
 65.65366200000000 0.05000000000 0.05000000000 0 0 0 0 0 0  5  4  1 a 0 0 0 0 0 0  4  3  1 s  21MeBiDoKi.65
 66.11805699999999 0.05000000000 0.05000000000 0 0 0 0 0 0  5  4  2 s 0 0 0 0 0 0  4  3  2 a  21MeBiDoKi.66
 66.39596500000000 0.05000000000 0.05000000000 0 0 0 0 0 0  5  4  2 a 0 0 0 0 0 0  4  3  2 s  21MeBiDoKi.67
 66.59073600000001 0.05000000000 0.05000000000 0 0 0 0 0 0  5  4  1 s 0 0 0 0 0 0  4  3  2 s  21MeBiDoKi.68
 67.05641900000001 0.05000000000 0.05000000000 0 0 0 0 0 0  8  1  7 a 0 0 0 0 0 0  7  2  6 a  21MeBiDoKi.69
 67.05641900000001 0.05000000000 0.05000000000 0 0 0 0 0 0  8  1  7 s 0 0 0 0 0 0  7  2  6 s  21MeBiDoKi.70
 67.24149500000000 0.05000000000 0.05000000000 0 0 0 0 0 0  8  2  7 a 0 0 0 0 0 0  7  1  6 a  21MeBiDoKi.71
 67.24149500000000 0.05000000000 0.05000000000 0 0 0 0 0 0  8  2  7 s 0 0 0 0 0 0  7  1  6 s  21MeBiDoKi.72
 69.57908200000000 0.05000000000 0.05000000000 0 0 0 0 0 0  6  3  3 s 0 0 0 0 0 0  5  2  3 a  21MeBiDoKi.73
 69.70274999999999 0.05000000000 0.05000000000 0 0 0 0 0 0  9  0  9 s 0 0 0 0 0 0  8  1  8 s  21MeBiDoKi.74
 69.70381999999999 0.05000000000 0.05000000000 0 0 0 0 0 0  9  1  9 s 0 0 0 0 0 0  8  0  8 s  21MeBiDoKi.75
 69.70649000000000 0.05000000000 0.05000000000 0 0 0 0 0 0  9  0  9 a 0 0 0 0 0 0  8  1  8 a  21MeBiDoKi.76
 69.70773000000000 0.05000000000 0.05000000000 0 0 0 0 0 0  9  1  9 a 0 0 0 0 0 0  8  0  8 a  21MeBiDoKi.77
 69.88366499999999 0.05000000000 0.05000000000 0 0 0 0 0 0  6  3  3 a 0 0 0 0 0 0  5  2  3 s  21MeBiDoKi.78
 70.61920000000001 0.05000000000 0.05000000000 0 0 0 0 0 0  6  2  4 s 0 0 0 0 0 0  5  1  4 a  21MeBiDoKi.79
 70.74112000000000 0.05000000000 0.05000000000 0 0 0 0 0 0  9  4  5 a 0 0 0 0 0 0  8  5  3 s  21MeBiDoKi.80
 70.93504500000000 0.05000000000 0.05000000000 0 0 0 0 0 0  6  2  4 a 0 0 0 0 0 0  5  1  4 s  21MeBiDoKi.81
 71.24432800000000 0.05000000000 0.05000000000 0 0 0 0 0 0  5  5  0 s 0 0 0 0 0 0  4  4  0 a  21MeBiDoKi.82
 71.27093000000001 0.05000000000 0.05000000000 0 0 0 0 0 0  5  5  1 s 0 0 0 0 0 0  4  4  1 a  21MeBiDoKi.83
 71.39359200000000 0.05000000000 0.05000000000 0 0 0 0 0 0  5  5  1 s 0 0 0 0 0 0  4  4  0 s  21MeBiDoKi.84
 71.54513000000000 0.05000000000 0.05000000000 0 0 0 0 0 0  5  5  0 a 0 0 0 0 0 0  4  4  0 s  21MeBiDoKi.85
 71.57167200000001 0.05000000000 0.05000000000 0 0 0 0 0 0  5  5  1 a 0 0 0 0 0 0  4  4  1 s  21MeBiDoKi.86
 71.60820400000000 0.05000000000 0.05000000000 0 0 0 0 0 0  9  3  6 a 0 0 0 0 0 0  8  4  4 s  21MeBiDoKi.87
 73.04812699999999 0.05000000000 0.05000000000 0 0 0 0 0 0  6  1  5 s 0 0 0 0 0 0  5  0  5 a  21MeBiDoKi.88
 73.38087000000000 0.05000000000 0.05000000000 0 0 0 0 0 0  6  1  5 a 0 0 0 0 0 0  5  0  5 s  21MeBiDoKi.89
 73.42558300000000 0.05000000000 0.05000000000 0 0 0 0 0 0  6  2  5 s 0 0 0 0 0 0  5  1  5 a  21MeBiDoKi.90
 73.60951900000001 0.05000000000 0.05000000000 0 0 0 0 0 0  6  3  4 s 0 0 0 0 0 0  5  2  4 a  21MeBiDoKi.91
 73.75717899999999 0.05000000000 0.05000000000 0 0 0 0 0 0  6  2  5 a 0 0 0 0 0 0  5  1  5 s  21MeBiDoKi.92
 73.91632300000001 0.05000000000 0.05000000000 0 0 0 0 0 0  6  3  4 a 0 0 0 0 0 0  5  2  4 s  21MeBiDoKi.93
 73.94207100000000 0.05000000000 0.05000000000 0 0 0 0 0 0  6  4  2 s 0 0 0 0 0 0  5  3  2 a  21MeBiDoKi.94
 74.22464200000000 0.05000000000 0.05000000000 0 0 0 0 0 0  6  4  2 a 0 0 0 0 0 0  5  3  2 s  21MeBiDoKi.95
 74.54942600000000 0.05000000000 0.05000000000 0 0 0 0 0 0  9  1  8 a 0 0 0 0 0 0  8  2  7 a  21MeBiDoKi.96
 74.54942600000000 0.05000000000 0.05000000000 0 0 0 0 0 0  9  1  8 s 0 0 0 0 0 0  8  2  7 s  21MeBiDoKi.97
 74.60642400000000 0.05000000000 0.05000000000 0 0 0 0 0 0  9  2  8 s 0 0 0 0 0 0  8  1  7 s  21MeBiDoKi.98
 74.60642400000000 0.05000000000 0.05000000000 0 0 0 0 0 0  9  2  8 a 0 0 0 0 0 0  8  1  7 a  21MeBiDoKi.99
 75.00721500000000 0.05000000000 0.05000000000 0 0 0 0 0 0 10  3  7 s 0 0 0 0 0 0  9  4  5 a 21MeBiDoKi.100
 76.02643200000000 0.05000000000 0.05000000000 0 0 0 0 0 0  6  4  3 s 0 0 0 0 0 0  5  3  3 a 21MeBiDoKi.101
 76.30729700000001 0.05000000000 0.05000000000 0 0 0 0 0 0  6  4  3 a 0 0 0 0 0 0  5  3  3 s 21MeBiDoKi.102
 77.13388399999999 0.05000000000 0.05000000000 0 0 0 0 0 0 10  0 10 s 0 0 0 0 0 0  9  1  9 s 21MeBiDoKi.103
 77.13388399999999 0.05000000000 0.05000000000 0 0 0 0 0 0 10  1 10 s 0 0 0 0 0 0  9  0  9 s 21MeBiDoKi.104
 77.13839299999999 0.05000000000 0.05000000000 0 0 0 0 0 0 10  0 10 a 0 0 0 0 0 0  9  1  9 a 21MeBiDoKi.105
 77.13839299999999 0.05000000000 0.05000000000 0 0 0 0 0 0 10  1 10 a 0 0 0 0 0 0  9  0  9 a 21MeBiDoKi.106
 77.53800699999999 0.05000000000 0.05000000000 0 0 0 0 0 0  6  4  2 s 0 0 0 0 0 0  5  3  3 s 21MeBiDoKi.107
 78.94543600000000 0.05000000000 0.05000000000 0 0 0 0 0 0  7  4  4 s 0 0 0 0 0 0  6  3  3 s 21MeBiDoKi.108
 78.96985200000000 0.05000000000 0.05000000000 0 0 0 0 0 0  9  2  7 s 0 0 0 0 0 0  8  3  6 s 21MeBiDoKi.109
 78.96985200000000 0.05000000000 0.05000000000 0 0 0 0 0 0  9  2  7 a 0 0 0 0 0 0  8  3  6 a 21MeBiDoKi.110
 80.11135000000000 0.05000000000 0.05000000000 0 0 0 0 0 0  9  3  7 s 0 0 0 0 0 0  8  2  6 s 21MeBiDoKi.111
 80.38386600000000 0.05000000000 0.05000000000 0 0 0 0 0 0  6  5  1 s 0 0 0 0 0 0  5  4  1 a 21MeBiDoKi.112
 80.45468000000000 0.05000000000 0.05000000000 0 0 0 0 0 0  6  5  2 s 0 0 0 0 0 0  5  4  1 s 21MeBiDoKi.113
 80.47785300000000 0.05000000000 0.05000000000 0 0 0 0 0 0  6  5  2 a 0 0 0 0 0 0  5  4  1 a 21MeBiDoKi.114
 80.64943599999999 0.05000000000 0.05000000000 0 0 0 0 0 0  6  5  2 s 0 0 0 0 0 0  5  4  2 a 21MeBiDoKi.115
 80.66640800000000 0.05000000000 0.05000000000 0 0 0 0 0 0  6  5  1 a 0 0 0 0 0 0  5  4  1 s 21MeBiDoKi.116
 80.83763800000000 0.05000000000 0.05000000000 0 0 0 0 0 0  6  5  1 s 0 0 0 0 0 0  5  4  2 s 21MeBiDoKi.117
 80.86112799999999 0.05000000000 0.05000000000 0 0 0 0 0 0  6  5  1 a 0 0 0 0 0 0  5  4  2 a 21MeBiDoKi.118
 80.90331700000000 0.05000000000 0.05000000000 0 0 0 0 0 0  7  3  4 s 0 0 0 0 0 0  6  2  4 a 21MeBiDoKi.119
 80.93166900000000 0.05000000000 0.05000000000 0 0 0 0 0 0  6  5  2 a 0 0 0 0 0 0  5  4  2 s 21MeBiDoKi.120
 81.20205100000000 0.05000000000 0.05000000000 0 0 0 0 0 0  7  3  4 a 0 0 0 0 0 0  6  2  4 s 21MeBiDoKi.121
 81.31111900000001 0.05000000000 0.05000000000 0 0 0 0 0 0 10  4  6 s 0 0 0 0 0 0  9  5  4 a 21MeBiDoKi.122
 81.99123700000000 0.05000000000 0.05000000000 0 0 0 0 0 0 10  1  9 s 0 0 0 0 0 0  9  2  8 s 21MeBiDoKi.123
 81.99245000000001 0.05000000000 0.05000000000 0 0 0 0 0 0 10  1  9 a 0 0 0 0 0 0  9  2  8 a 21MeBiDoKi.124
 82.00798000000000 0.05000000000 0.05000000000 0 0 0 0 0 0 10  2  9 s 0 0 0 0 0 0  9  1  8 s 21MeBiDoKi.125
 82.00929700000000 0.05000000000 0.05000000000 0 0 0 0 0 0 10  2  9 a 0 0 0 0 0 0  9  1  8 a 21MeBiDoKi.126
 82.73615100000001 0.05000000000 0.05000000000 0 0 0 0 0 0  7  4  3 s 0 0 0 0 0 0  6  3  3 a 21MeBiDoKi.127
 83.01773000000000 0.05000000000 0.05000000000 0 0 0 0 0 0  7  4  3 a 0 0 0 0 0 0  6  3  3 s 21MeBiDoKi.128
 83.66453100000000 0.05000000000 0.05000000000 0 0 0 0 0 0  7  2  5 s 0 0 0 0 0 0  6  1  5 a 21MeBiDoKi.129
 83.97493900000001 0.05000000000 0.05000000000 0 0 0 0 0 0  7  2  5 a 0 0 0 0 0 0  6  1  5 s 21MeBiDoKi.130
 85.25817600000001 0.05000000000 0.05000000000 0 0 0 0 0 0  7  3  5 s 0 0 0 0 0 0  6  2  5 a 21MeBiDoKi.131
 85.54216700000001 0.05000000000 0.05000000000 0 0 0 0 0 0  7  1  6 s 0 0 0 0 0 0  6  0  6 a 21MeBiDoKi.132
 85.56334600000000 0.05000000000 0.05000000000 0 0 0 0 0 0  7  3  5 a 0 0 0 0 0 0  6  2  5 s 21MeBiDoKi.133
 85.67131100000000 0.05000000000 0.05000000000 0 0 0 0 0 0  7  2  6 s 0 0 0 0 0 0  6  1  6 a 21MeBiDoKi.134
 85.87605800000000 0.05000000000 0.05000000000 0 0 0 0 0 0  7  1  6 a 0 0 0 0 0 0  6  0  6 s 21MeBiDoKi.135
 85.95608900000001 0.05000000000 0.05000000000 0 0 0 0 0 0  6  6  0 s 0 0 0 0 0 0  5  5  0 a 21MeBiDoKi.136
 85.96105500000000 0.05000000000 0.05000000000 0 0 0 0 0 0  6  6  1 s 0 0 0 0 0 0  5  5  1 a 21MeBiDoKi.137
 86.00472300000000 0.05000000000 0.05000000000 0 0 0 0 0 0  7  2  6 a 0 0 0 0 0 0  6  1  6 s 21MeBiDoKi.138
 86.09098600000000 0.05000000000 0.05000000000 0 0 0 0 0 0  6  6  1 a 0 0 0 0 0 0  5  5  0 a 21MeBiDoKi.139
 86.09799700000001 0.05000000000 0.05000000000 0 0 0 0 0 0  6  6  0 a 0 0 0 0 0 0  5  5  1 a 21MeBiDoKi.140
 86.10068900000000 0.05000000000 0.05000000000 0 0 0 0 0 0  6  6  1 s 0 0 0 0 0 0  5  5  0 s 21MeBiDoKi.141
 86.10777400000001 0.05000000000 0.05000000000 0 0 0 0 0 0  6  6  0 s 0 0 0 0 0 0  5  5  1 s 21MeBiDoKi.142
 86.23756500000000 0.05000000000 0.05000000000 0 0 0 0 0 0  6  6  0 a 0 0 0 0 0 0  5  5  0 s 21MeBiDoKi.143
 86.24258200000000 0.05000000000 0.05000000000 0 0 0 0 0 0  6  6  1 a 0 0 0 0 0 0  5  5  1 s 21MeBiDoKi.144
 86.24890900000000 0.05000000000 0.05000000000 0 0 0 0 0 0 11  5  6 s 0 0 0 0 0 0 10  6  4 a 21MeBiDoKi.145
 86.43881000000000 0.05000000000 0.05000000000 0 0 0 0 0 0  7  4  4 s 0 0 0 0 0 0  6  3  4 a 21MeBiDoKi.146
 86.45993799999999 0.05000000000 0.05000000000 0 0 0 0 0 0 11  5  6 a 0 0 0 0 0 0 10  6  4 s 21MeBiDoKi.147
 86.70452100000000 0.05000000000 0.05000000000 0 0 0 0 0 0 10  2  8 s 0 0 0 0 0 0  9  3  7 s 21MeBiDoKi.148
 86.71784300000000 0.05000000000 0.05000000000 0 0 0 0 0 0  7  4  4 a 0 0 0 0 0 0  6  3  4 s 21MeBiDoKi.149
 87.11672900000001 0.05000000000 0.05000000000 0 0 0 0 0 0 10  3  8 s 0 0 0 0 0 0  9  2  7 s 21MeBiDoKi.150
 88.88055100000000 0.05000000000 0.05000000000 0 0 0 0 0 0 11  4  7 s 0 0 0 0 0 0 10  5  5 a 21MeBiDoKi.151
 88.88606900000001 0.05000000000 0.05000000000 0 0 0 0 0 0  7  5  3 a 0 0 0 0 0 0  6  4  2 a 21MeBiDoKi.152
 89.11611499999999 0.05000000000 0.05000000000 0 0 0 0 0 0 11  4  7 a 0 0 0 0 0 0 10  5  5 s 21MeBiDoKi.153
 89.20142100000000 0.05000000000 0.05000000000 0 0 0 0 0 0  7  5  2 s 0 0 0 0 0 0  6  4  2 a 21MeBiDoKi.154
 89.40889700000000 0.05000000000 0.05000000000 0 0 0 0 0 0 11  1 10 s 0 0 0 0 0 0 10  2  9 s 21MeBiDoKi.155
 89.41047200000000 0.05000000000 0.05000000000 0 0 0 0 0 0 11  1 10 a 0 0 0 0 0 0 10  2  9 a 21MeBiDoKi.156
 89.41373800000000 0.05000000000 0.05000000000 0 0 0 0 0 0 11  2 10 s 0 0 0 0 0 0 10  1  9 s 21MeBiDoKi.157
 89.41525300000001 0.05000000000 0.05000000000 0 0 0 0 0 0 11  2 10 a 0 0 0 0 0 0 10  1  9 a 21MeBiDoKi.158
 89.44883600000000 0.05000000000 0.05000000000 0 0 0 0 0 0  7  5  2 a 0 0 0 0 0 0  6  4  2 s 21MeBiDoKi.159
 89.73791799999999 0.05000000000 0.05000000000 0 0 0 0 0 0 10  3  7 s 0 0 0 0 0 0  9  4  6 s 21MeBiDoKi.160
 89.73924000000000 0.05000000000 0.05000000000 0 0 0 0 0 0 10  3  7 a 0 0 0 0 0 0  9  4  6 a 21MeBiDoKi.161
 90.13736299999999 0.05000000000 0.05000000000 0 0 0 0 0 0  7  5  3 s 0 0 0 0 0 0  6  4  3 a 21MeBiDoKi.162
 90.38339499999999 0.05000000000 0.05000000000 0 0 0 0 0 0  7  5  3 a 0 0 0 0 0 0  6  4  3 s 21MeBiDoKi.163
 90.51111899999999 0.05000000000 0.05000000000 0 0 0 0 0 0  7  4  3 a 0 0 0 0 0 0  6  3  4 a 21MeBiDoKi.164
 90.52406999999999 0.05000000000 0.05000000000 0 0 0 0 0 0  7  4  3 s 0 0 0 0 0 0  6  3  4 s 21MeBiDoKi.165
 90.69879800000000 0.05000000000 0.05000000000 0 0 0 0 0 0  7  5  2 s 0 0 0 0 0 0  6  4  3 s 21MeBiDoKi.166
 91.95406500000000 0.05000000000 0.05000000000 0 0 0 0 0 0 12  1 12 s 0 0 0 0 0 0 11  0 11 s 21MeBiDoKi.167
 91.95406500000000 0.05000000000 0.05000000000 0 0 0 0 0 0 12  0 12 s 0 0 0 0 0 0 11  1 11 s 21MeBiDoKi.168
 91.95984000000000 0.05000000000 0.05000000000 0 0 0 0 0 0 12  0 12 a 0 0 0 0 0 0 11  1 11 a 21MeBiDoKi.169
 91.95984000000000 0.05000000000 0.05000000000 0 0 0 0 0 0 12  1 12 a 0 0 0 0 0 0 11  0 11 a 21MeBiDoKi.170
 92.48333100000001 0.05000000000 0.05000000000 0 0 0 0 0 0  8  4  4 s 0 0 0 0 0 0  7  3  4 a 21MeBiDoKi.171
 92.76119400000000 0.05000000000 0.05000000000 0 0 0 0 0 0  8  4  4 a 0 0 0 0 0 0  7  3  4 s 21MeBiDoKi.172
 92.93263800000000 0.05000000000 0.05000000000 0 0 0 0 0 0 12  4  8 s 0 0 0 0 0 0 11  5  6 a 21MeBiDoKi.173
 93.41819099999999 0.05000000000 0.05000000000 0 0 0 0 0 0  8  3  5 s 0 0 0 0 0 0  7  2  5 a 21MeBiDoKi.174
 93.70886100000000 0.05000000000 0.05000000000 0 0 0 0 0 0  8  3  5 a 0 0 0 0 0 0  7  2  5 s 21MeBiDoKi.175
 94.21710200000000 0.05000000000 0.05000000000 0 0 0 0 0 0 11  2  9 a 0 0 0 0 0 0 10  3  8 a 21MeBiDoKi.176
 94.21784000000000 0.05000000000 0.05000000000 0 0 0 0 0 0 11  2  9 s 0 0 0 0 0 0 10  3  8 s 21MeBiDoKi.177
 94.29132199999999 0.05000000000 0.05000000000 0 0 0 0 0 0 10  4  7 a 0 0 0 0 0 0  9  3  6 a 21MeBiDoKi.178
 94.30047000000000 0.05000000000 0.05000000000 0 0 0 0 0 0 10  4  7 s 0 0 0 0 0 0  9  3  6 s 21MeBiDoKi.179
 94.35562000000000 0.05000000000 0.05000000000 0 0 0 0 0 0 11  3  9 a 0 0 0 0 0 0 10  2  8 a 21MeBiDoKi.180
 94.35702300000000 0.05000000000 0.05000000000 0 0 0 0 0 0 11  3  9 s 0 0 0 0 0 0 10  2  8 s 21MeBiDoKi.181
 95.18952400000001 0.05000000000 0.05000000000 0 0 0 0 0 0  7  6  1 s 0 0 0 0 0 0  6  5  1 a 21MeBiDoKi.182
 95.23609100000000 0.05000000000 0.05000000000 0 0 0 0 0 0  7  6  2 s 0 0 0 0 0 0  6  5  2 a 21MeBiDoKi.183
 95.33010000000000 0.05000000000 0.05000000000 0 0 0 0 0 0  7  6  2 s 0 0 0 0 0 0  6  5  1 s 21MeBiDoKi.184
 95.38359699999999 0.05000000000 0.05000000000 0 0 0 0 0 0  7  6  1 a 0 0 0 0 0 0  6  5  2 a 21MeBiDoKi.185
 95.47759900000000 0.05000000000 0.05000000000 0 0 0 0 0 0  7  6  1 a 0 0 0 0 0 0  6  5  1 s 21MeBiDoKi.186
 95.52406200000000 0.05000000000 0.05000000000 0 0 0 0 0 0  7  6  2 a 0 0 0 0 0 0  6  5  2 s 21MeBiDoKi.187
 96.10027700000001 0.05000000000 0.05000000000 0 0 0 0 0 0  8  5  4 a 0 0 0 0 0 0  7  4  3 a 21MeBiDoKi.188
 96.55854500000000 0.05000000000 0.05000000000 0 0 0 0 0 0  8  2  6 s 0 0 0 0 0 0  7  1  6 a 21MeBiDoKi.189
 96.86463500000001 0.05000000000 0.05000000000 0 0 0 0 0 0  8  2  6 a 0 0 0 0 0 0  7  1  6 s 21MeBiDoKi.190
 97.06034800000000 0.05000000000 0.05000000000 0 0 0 0 0 0  6  4  2 s 0 0 0 0 0 0  5  1  4 a 21MeBiDoKi.191
 97.25163300000000 0.05000000000 0.05000000000 0 0 0 0 0 0  8  3  6 s 0 0 0 0 0 0  7  2  6 a 21MeBiDoKi.192
 97.35620600000000 0.05000000000 0.05000000000 0 0 0 0 0 0  6  4  2 a 0 0 0 0 0 0  5  1  4 s 21MeBiDoKi.193
 97.41569100000000 0.05000000000 0.05000000000 0 0 0 0 0 0  8  4  5 s 0 0 0 0 0 0  7  3  5 a 21MeBiDoKi.194
 97.53495500000000 0.05000000000 0.05000000000 0 0 0 0 0 0  8  5  3 s 0 0 0 0 0 0  7  4  3 a 21MeBiDoKi.195
 97.55514100000001 0.05000000000 0.05000000000 0 0 0 0 0 0  8  3  6 a 0 0 0 0 0 0  7  2  6 s 21MeBiDoKi.196
 97.69197300000000 0.05000000000 0.05000000000 0 0 0 0 0 0  8  4  5 a 0 0 0 0 0 0  7  3  5 s 21MeBiDoKi.197
 97.78509900000000 0.05000000000 0.05000000000 0 0 0 0 0 0  8  5  3 a 0 0 0 0 0 0  7  4  3 s 21MeBiDoKi.198
 97.89654299999999 0.05000000000 0.05000000000 0 0 0 0 0 0 12  5  7 s 0 0 0 0 0 0 11  6  5 a 21MeBiDoKi.199
 97.92479200000000 0.05000000000 0.05000000000 0 0 0 0 0 0  8  1  7 s 0 0 0 0 0 0  7  0  7 a 21MeBiDoKi.200
 97.96566500000000 0.05000000000 0.05000000000 0 0 0 0 0 0  8  2  7 s 0 0 0 0 0 0  7  1  7 a 21MeBiDoKi.201
 98.26114000000000 0.05000000000 0.05000000000 0 0 0 0 0 0  8  1  7 a 0 0 0 0 0 0  7  0  7 s 21MeBiDoKi.202
 98.30185100000000 0.05000000000 0.05000000000 0 0 0 0 0 0  8  2  7 a 0 0 0 0 0 0  7  1  7 s 21MeBiDoKi.203
 99.34088000000000 0.05000000000 0.05000000000 0 0 0 0 0 0 13  0 13 s 0 0 0 0 0 0 12  1 12 s 21MeBiDoKi.204
 99.34088000000000 0.05000000000 0.05000000000 0 0 0 0 0 0 13  1 13 s 0 0 0 0 0 0 12  0 12 s 21MeBiDoKi.205
 99.34758900000000 0.05000000000 0.05000000000 0 0 0 0 0 0 13  1 13 a 0 0 0 0 0 0 12  0 12 a 21MeBiDoKi.206
 99.34758900000000 0.05000000000 0.05000000000 0 0 0 0 0 0 13  0 13 a 0 0 0 0 0 0 12  1 12 a 21MeBiDoKi.207
 99.92593599999999 0.05000000000 0.05000000000 0 0 0 0 0 0  8  5  4 s 0 0 0 0 0 0  7  4  4 a 21MeBiDoKi.208
100.17263699999999 0.05000000000 0.05000000000 0 0 0 0 0 0  8  5  4 a 0 0 0 0 0 0  7  4  4 s 21MeBiDoKi.209
100.31135900000000 0.05000000000 0.05000000000 0 0 0 0 0 0 11  4  8 s 0 0 0 0 0 0 10  3  7 s 21MeBiDoKi.210
100.57449000000000 0.05000000000 0.05000000000 0 0 0 0 0 0  7  7  0 s 0 0 0 0 0 0  6  6  0 a 21MeBiDoKi.211
100.57515700000000 0.05000000000 0.05000000000 0 0 0 0 0 0  7  7  1 s 0 0 0 0 0 0  6  6  1 a 21MeBiDoKi.212
100.69938000000000 0.05000000000 0.05000000000 0 0 0 0 0 0  7  7  1 a 0 0 0 0 0 0  6  6  0 a 21MeBiDoKi.213
100.70068900000000 0.05000000000 0.05000000000 0 0 0 0 0 0  7  7  0 a 0 0 0 0 0 0  6  6  1 a 21MeBiDoKi.214
100.71003200000000 0.05000000000 0.05000000000 0 0 0 0 0 0  7  7  1 s 0 0 0 0 0 0  6  6  0 s 21MeBiDoKi.215
100.71130400000000 0.05000000000 0.05000000000 0 0 0 0 0 0  7  7  0 s 0 0 0 0 0 0  6  6  1 s 21MeBiDoKi.216
100.83565900000001 0.05000000000 0.05000000000 0 0 0 0 0 0  7  7  0 a 0 0 0 0 0 0  6  6  0 s 21MeBiDoKi.217
100.83637700000000 0.05000000000 0.05000000000 0 0 0 0 0 0  7  7  1 a 0 0 0 0 0 0  6  6  1 s 21MeBiDoKi.218
101.59142000000000 0.05000000000 0.05000000000 0 0 0 0 0 0  8  5  3 a 0 0 0 0 0 0  7  4  4 a 21MeBiDoKi.219
101.60729300000000 0.05000000000 0.05000000000 0 0 0 0 0 0  8  5  3 s 0 0 0 0 0 0  7  4  4 s 21MeBiDoKi.220
101.63983500000001 0.05000000000 0.05000000000 0 0 0 0 0 0 12  2 10 a 0 0 0 0 0 0 11  3  9 a 21MeBiDoKi.221
101.64037500000001 0.05000000000 0.05000000000 0 0 0 0 0 0 12  2 10 s 0 0 0 0 0 0 11  3  9 s 21MeBiDoKi.222
101.68427900000000 0.05000000000 0.05000000000 0 0 0 0 0 0 12  3 10 s 0 0 0 0 0 0 11  2  9 s 21MeBiDoKi.223
101.68427900000000 0.05000000000 0.05000000000 0 0 0 0 0 0 12  3 10 a 0 0 0 0 0 0 11  2  9 a 21MeBiDoKi.224
101.84608600000000 0.05000000000 0.05000000000 0 0 0 0 0 0  9  5  5 a 0 0 0 0 0 0  8  4  4 a 21MeBiDoKi.225
101.86552200000000 0.05000000000 0.05000000000 0 0 0 0 0 0  9  5  5 s 0 0 0 0 0 0  8  4  4 s 21MeBiDoKi.226
103.52889900000000 0.05000000000 0.05000000000 0 0 0 0 0 0  9  4  5 s 0 0 0 0 0 0  8  3  5 a 21MeBiDoKi.227
103.79987700000000 0.05000000000 0.05000000000 0 0 0 0 0 0  9  4  5 a 0 0 0 0 0 0  8  3  5 s 21MeBiDoKi.228
104.20714200000000 0.05000000000 0.05000000000 0 0 0 0 0 0  8  6  2 s 0 0 0 0 0 0  7  5  2 a 21MeBiDoKi.229
104.29936300000000 0.05000000000 0.05000000000 0 0 0 0 0 0  8  6  3 a 0 0 0 0 0 0  7  5  2 a 21MeBiDoKi.230
104.48017900000001 0.05000000000 0.05000000000 0 0 0 0 0 0  8  6  2 a 0 0 0 0 0 0  7  5  2 s 21MeBiDoKi.231
104.56914900000000 0.05000000000 0.05000000000 0 0 0 0 0 0  8  6  3 s 0 0 0 0 0 0  7  5  3 a 21MeBiDoKi.232
104.74933299999999 0.05000000000 0.05000000000 0 0 0 0 0 0  8  6  2 s 0 0 0 0 0 0  7  5  3 s 21MeBiDoKi.233
104.79550999999999 0.05000000000 0.05000000000 0 0 0 0 0 0  8  6  2 a 0 0 0 0 0 0  7  5  3 a 21MeBiDoKi.234
104.84156900000001 0.05000000000 0.05000000000 0 0 0 0 0 0  8  6  3 a 0 0 0 0 0 0  7  5  3 s 21MeBiDoKi.235
105.94795999999999 0.05000000000 0.05000000000 0 0 0 0 0 0  9  5  4 s 0 0 0 0 0 0  8  4  4 a 21MeBiDoKi.236
106.19775100000000 0.05000000000 0.05000000000 0 0 0 0 0 0  9  5  4 a 0 0 0 0 0 0  8  4  4 s 21MeBiDoKi.237
106.22781000000001 0.05000000000 0.05000000000 0 0 0 0 0 0 12  3  9 a 0 0 0 0 0 0 11  4  8 a 21MeBiDoKi.238
106.22949000000000 0.05000000000 0.05000000000 0 0 0 0 0 0 12  3  9 s 0 0 0 0 0 0 11  4  8 s 21MeBiDoKi.239
106.28597100000000 0.05000000000 0.05000000000 0 0 0 0 0 0 13  5  8 s 0 0 0 0 0 0 12  6  6 a 21MeBiDoKi.240
106.47395899999999 0.05000000000 0.05000000000 0 0 0 0 0 0 10  5  6 a 0 0 0 0 0 0  9  4  5 a 21MeBiDoKi.241
106.48699499999999 0.05000000000 0.05000000000 0 0 0 0 0 0 13  5  8 a 0 0 0 0 0 0 12  6  6 s 21MeBiDoKi.242
106.58729400000000 0.05000000000 0.05000000000 0 0 0 0 0 0  9  3  6 s 0 0 0 0 0 0  8  2  6 a 21MeBiDoKi.243
106.71058200000000 0.05000000000 0.05000000000 0 0 0 0 0 0 14  1 14 s 0 0 0 0 0 0 13  0 13 s 21MeBiDoKi.244
106.71058200000000 0.05000000000 0.05000000000 0 0 0 0 0 0 14  0 14 s 0 0 0 0 0 0 13  1 13 s 21MeBiDoKi.245
106.71807099999999 0.05000000000 0.05000000000 0 0 0 0 0 0 14  1 14 a 0 0 0 0 0 0 13  0 13 a 21MeBiDoKi.246
106.71807099999999 0.05000000000 0.05000000000 0 0 0 0 0 0 14  0 14 a 0 0 0 0 0 0 13  1 13 a 21MeBiDoKi.247
106.86899000000000 0.05000000000 0.05000000000 0 0 0 0 0 0  9  3  6 a 0 0 0 0 0 0  8  2  6 s 21MeBiDoKi.248
106.99310199999999 0.05000000000 0.05000000000 0 0 0 0 0 0 12  4  9 a 0 0 0 0 0 0 11  3  8 a 21MeBiDoKi.249
107.42473900000000 0.05000000000 0.05000000000 0 0 0 0 0 0  6  5  1 s 0 0 0 0 0 0  5  2  3 a 21MeBiDoKi.250
108.90768300000001 0.05000000000 0.05000000000 0 0 0 0 0 0  9  4  6 s 0 0 0 0 0 0  8  3  6 a 21MeBiDoKi.251
109.02228300000000 0.05000000000 0.05000000000 0 0 0 0 0 0 13  2 11 a 0 0 0 0 0 0 12  3 10 a 21MeBiDoKi.252
109.02228300000000 0.05000000000 0.05000000000 0 0 0 0 0 0 13  2 11 s 0 0 0 0 0 0 12  3 10 s 21MeBiDoKi.253
109.16521299999999 0.05000000000 0.05000000000 0 0 0 0 0 0  9  2  7 s 0 0 0 0 0 0  8  1  7 a 21MeBiDoKi.254
109.18048500000000 0.05000000000 0.05000000000 0 0 0 0 0 0  9  4  6 a 0 0 0 0 0 0  8  3  6 s 21MeBiDoKi.255
109.42862800000000 0.05000000000 0.05000000000 0 0 0 0 0 0  9  3  7 s 0 0 0 0 0 0  8  2  7 a 21MeBiDoKi.256
109.46853000000000 0.05000000000 0.05000000000 0 0 0 0 0 0  9  2  7 a 0 0 0 0 0 0  8  1  7 s 21MeBiDoKi.257
109.73085700000000 0.05000000000 0.05000000000 0 0 0 0 0 0  9  3  7 a 0 0 0 0 0 0  8  2  7 s 21MeBiDoKi.258
109.82564600000001 0.05000000000 0.05000000000 0 0 0 0 0 0  8  7  1 s 0 0 0 0 0 0  7  6  1 a 21MeBiDoKi.259
109.83580499999999 0.05000000000 0.05000000000 0 0 0 0 0 0  8  7  2 s 0 0 0 0 0 0  7  6  2 a 21MeBiDoKi.260
109.94761699999999 0.05000000000 0.05000000000 0 0 0 0 0 0  8  7  2 a 0 0 0 0 0 0  7  6  1 a 21MeBiDoKi.261
109.95857800000000 0.05000000000 0.05000000000 0 0 0 0 0 0  8  7  2 s 0 0 0 0 0 0  7  6  1 s 21MeBiDoKi.262
109.96220500000000 0.05000000000 0.05000000000 0 0 0 0 0 0  8  7  1 a 0 0 0 0 0 0  7  6  2 a 21MeBiDoKi.263
109.97319000000000 0.05000000000 0.05000000000 0 0 0 0 0 0  8  7  1 s 0 0 0 0 0 0  7  6  2 s 21MeBiDoKi.264
110.08498500000000 0.05000000000 0.05000000000 0 0 0 0 0 0  8  7  1 a 0 0 0 0 0 0  7  6  1 s 21MeBiDoKi.265
110.09510000000000 0.05000000000 0.05000000000 0 0 0 0 0 0  8  7  2 a 0 0 0 0 0 0  7  6  2 s 21MeBiDoKi.266
110.17252800000000 0.05000000000 0.05000000000 0 0 0 0 0 0  9  5  5 s 0 0 0 0 0 0  8  4  5 a 21MeBiDoKi.267
110.25300799999999 0.05000000000 0.05000000000 0 0 0 0 0 0  9  1  8 s 0 0 0 0 0 0  8  0  8 a 21MeBiDoKi.268
110.26530800000000 0.05000000000 0.05000000000 0 0 0 0 0 0  9  2  8 s 0 0 0 0 0 0  8  1  8 a 21MeBiDoKi.269
110.41677900000001 0.05000000000 0.05000000000 0 0 0 0 0 0  9  5  5 a 0 0 0 0 0 0  8  4  5 s 21MeBiDoKi.270
110.59296100000000 0.05000000000 0.05000000000 0 0 0 0 0 0  9  1  8 a 0 0 0 0 0 0  8  0  8 s 21MeBiDoKi.271
110.60518700000000 0.05000000000 0.05000000000 0 0 0 0 0 0  9  2  8 a 0 0 0 0 0 0  8  1  8 s 21MeBiDoKi.272
110.67139600000000 0.05000000000 0.05000000000 0 0 0 0 0 0 11  5  7 s 0 0 0 0 0 0 10  4  6 s 21MeBiDoKi.273
111.09034000000000 0.05000000000 0.05000000000 0 0 0 0 0 0 14  5  9 a 0 0 0 0 0 0 13  6  7 s 21MeBiDoKi.274
111.56105100000001 0.05000000000 0.05000000000 0 0 0 0 0 0 14  1 13 s 0 0 0 0 0 0 13  2 12 s 21MeBiDoKi.275
111.56105100000001 0.05000000000 0.05000000000 0 0 0 0 0 0 14  2 13 s 0 0 0 0 0 0 13  1 12 s 21MeBiDoKi.276
112.50585599999999 0.05000000000 0.05000000000 0 0 0 0 0 0  9  6  4 a 0 0 0 0 0 0  8  5  3 a 21MeBiDoKi.277
112.90883900000000 0.05000000000 0.05000000000 0 0 0 0 0 0  9  6  3 s 0 0 0 0 0 0  8  5  3 a 21MeBiDoKi.278
112.91675499999999 0.05000000000 0.05000000000 0 0 0 0 0 0  7  4  3 a 0 0 0 0 0 0  6  1  5 s 21MeBiDoKi.279
113.12008200000000 0.05000000000 0.05000000000 0 0 0 0 0 0  9  6  3 a 0 0 0 0 0 0  8  5  3 s 21MeBiDoKi.280
113.77727800000000 0.05000000000 0.05000000000 0 0 0 0 0 0 13  3 10 a 0 0 0 0 0 0 12  4  9 a 21MeBiDoKi.281
113.77918000000000 0.05000000000 0.05000000000 0 0 0 0 0 0 13  3 10 s 0 0 0 0 0 0 12  4  9 s 21MeBiDoKi.282
114.05480200000000 0.05000000000 0.05000000000 0 0 0 0 0 0 13  4 10 a 0 0 0 0 0 0 12  3  9 a 21MeBiDoKi.283
114.05785600000000 0.05000000000 0.05000000000 0 0 0 0 0 0 13  4 10 s 0 0 0 0 0 0 12  3  9 s 21MeBiDoKi.284
114.06164400000000 0.05000000000 0.05000000000 0 0 0 0 0 0 15  0 15 s 0 0 0 0 0 0 14  1 14 s 21MeBiDoKi.285
114.06164400000000 0.05000000000 0.05000000000 0 0 0 0 0 0 15  1 15 s 0 0 0 0 0 0 14  0 14 s 21MeBiDoKi.286
114.07014100000001 0.05000000000 0.05000000000 0 0 0 0 0 0 15  1 15 a 0 0 0 0 0 0 14  0 14 a 21MeBiDoKi.287
114.07014100000001 0.05000000000 0.05000000000 0 0 0 0 0 0 15  0 15 a 0 0 0 0 0 0 14  1 14 a 21MeBiDoKi.288
114.13342900000001 0.05000000000 0.05000000000 0 0 0 0 0 0 14  6  8 s 0 0 0 0 0 0 13  7  6 a 21MeBiDoKi.289
114.17133000000000 0.05000000000 0.05000000000 0 0 0 0 0 0  9  6  4 a 0 0 0 0 0 0  8  5  4 s 21MeBiDoKi.290
114.50483100000000 0.05000000000 0.05000000000 0 0 0 0 0 0  9  5  4 a 0 0 0 0 0 0  8  4  5 a 21MeBiDoKi.291
114.57432100000000 0.05000000000 0.05000000000 0 0 0 0 0 0  9  6  3 s 0 0 0 0 0 0  8  5  4 s 21MeBiDoKi.292
115.09346400000000 0.05000000000 0.05000000000 0 0 0 0 0 0  8  8  0 s 0 0 0 0 0 0  7  7  0 a 21MeBiDoKi.293
115.09346400000000 0.05000000000 0.05000000000 0 0 0 0 0 0  8  8  1 s 0 0 0 0 0 0  7  7  1 a 21MeBiDoKi.294
115.20779899999999 0.05000000000 0.05000000000 0 0 0 0 0 0  8  8  0 a 0 0 0 0 0 0  7  7  1 a 21MeBiDoKi.295
115.20779899999999 0.05000000000 0.05000000000 0 0 0 0 0 0  8  8  1 a 0 0 0 0 0 0  7  7  0 a 21MeBiDoKi.296
115.21889200000000 0.05000000000 0.05000000000 0 0 0 0 0 0  8  8  0 s 0 0 0 0 0 0  7  7  1 s 21MeBiDoKi.297
115.21889200000000 0.05000000000 0.05000000000 0 0 0 0 0 0  8  8  1 s 0 0 0 0 0 0  7  7  0 s 21MeBiDoKi.298
115.26078800000001 0.05000000000 0.05000000000 0 0 0 0 0 0 10  5  5 s 0 0 0 0 0 0  9  4  5 a 21MeBiDoKi.299
115.50743000000000 0.05000000000 0.05000000000 0 0 0 0 0 0 10  5  5 a 0 0 0 0 0 0  9  4  5 s 21MeBiDoKi.300
115.62249400000000 0.05000000000 0.05000000000 0 0 0 0 0 0  7  5  2 s 0 0 0 0 0 0  6  2  4 a 21MeBiDoKi.301
115.89004300000001 0.05000000000 0.05000000000 0 0 0 0 0 0  7  5  2 a 0 0 0 0 0 0  6  2  4 s 21MeBiDoKi.302
116.16154299999999 0.05000000000 0.05000000000 0 0 0 0 0 0 10  4  6 a 0 0 0 0 0 0  9  3  6 s 21MeBiDoKi.303
116.38142999999999 0.05000000000 0.05000000000 0 0 0 0 0 0 14  2 12 s 0 0 0 0 0 0 13  3 11 s 21MeBiDoKi.304
116.38142999999999 0.05000000000 0.05000000000 0 0 0 0 0 0 14  2 12 a 0 0 0 0 0 0 13  3 11 a 21MeBiDoKi.305
116.38580000000000 0.05000000000 0.05000000000 0 0 0 0 0 0 14  3 12 s 0 0 0 0 0 0 13  2 11 s 21MeBiDoKi.306
116.38580000000000 0.05000000000 0.05000000000 0 0 0 0 0 0 14  3 12 a 0 0 0 0 0 0 13  2 11 a 21MeBiDoKi.307
117.48872000000000 0.05000000000 0.05000000000 0 0 0 0 0 0 13  4  9 s 0 0 0 0 0 0 12  5  8 s 21MeBiDoKi.308
117.48872000000000 0.05000000000 0.05000000000 0 0 0 0 0 0 13  4  9 a 0 0 0 0 0 0 12  5  8 a 21MeBiDoKi.309
118.91085400000000 0.05000000000 0.05000000000 0 0 0 0 0 0 15  2 14 s 0 0 0 0 0 0 14  1 13 s 21MeBiDoKi.310
118.91085400000000 0.05000000000 0.05000000000 0 0 0 0 0 0 15  1 14 s 0 0 0 0 0 0 14  2 13 s 21MeBiDoKi.311
118.91456900000000 0.05000000000 0.05000000000 0 0 0 0 0 0 15  1 14 a 0 0 0 0 0 0 14  2 13 a 21MeBiDoKi.312
118.91456900000000 0.05000000000 0.05000000000 0 0 0 0 0 0 15  2 14 a 0 0 0 0 0 0 14  1 13 a 21MeBiDoKi.313
118.97983600000001 0.05000000000 0.05000000000 0 0 0 0 0 0  9  7  2 s 0 0 0 0 0 0  8  6  2 a 21MeBiDoKi.314
119.03065500000000 0.05000000000 0.05000000000 0 0 0 0 0 0  9  7  3 s 0 0 0 0 0 0  8  6  3 a 21MeBiDoKi.315
119.12290600000000 0.05000000000 0.05000000000 0 0 0 0 0 0  9  7  3 s 0 0 0 0 0 0  8  6  2 s 21MeBiDoKi.316
119.17119400000000 0.05000000000 0.05000000000 0 0 0 0 0 0  9  7  2 a 0 0 0 0 0 0  8  6  3 a 21MeBiDoKi.317
119.26343000000000 0.05000000000 0.05000000000 0 0 0 0 0 0  9  7  2 a 0 0 0 0 0 0  8  6  2 s 21MeBiDoKi.318
119.31407200000000 0.05000000000 0.05000000000 0 0 0 0 0 0  9  7  3 a 0 0 0 0 0 0  8  6  3 s 21MeBiDoKi.319
119.48444200000000 0.05000000000 0.05000000000 0 0 0 0 0 0 10  6  5 a 0 0 0 0 0 0  9  5  4 a 21MeBiDoKi.320
119.67597700000000 0.05000000000 0.05000000000 0 0 0 0 0 0 10  3  7 s 0 0 0 0 0 0  9  2  7 a 21MeBiDoKi.321
119.94958099999999 0.05000000000 0.05000000000 0 0 0 0 0 0 10  3  7 a 0 0 0 0 0 0  9  2  7 s 21MeBiDoKi.322
120.77999300000000 0.05000000000 0.05000000000 0 0 0 0 0 0 10  4  7 s 0 0 0 0 0 0  9  3  7 a 21MeBiDoKi.323
120.96413400000000 0.05000000000 0.05000000000 0 0 0 0 0 0 10  5  6 s 0 0 0 0 0 0  9  4  6 a 21MeBiDoKi.324
121.03168200000000 0.05000000000 0.05000000000 0 0 0 0 0 0 10  6  4 s 0 0 0 0 0 0  9  5  4 a 21MeBiDoKi.325
121.04895500000001 0.05000000000 0.05000000000 0 0 0 0 0 0 10  4  7 a 0 0 0 0 0 0  9  3  7 s 21MeBiDoKi.326
121.20472200000000 0.05000000000 0.05000000000 0 0 0 0 0 0 10  5  6 a 0 0 0 0 0 0  9  4  6 s 21MeBiDoKi.327
121.24558100000000 0.05000000000 0.05000000000 0 0 0 0 0 0 10  6  4 a 0 0 0 0 0 0  9  5  4 s 21MeBiDoKi.328
121.58335599999999 0.05000000000 0.05000000000 0 0 0 0 0 0 10  2  8 s 0 0 0 0 0 0  9  1  8 a 21MeBiDoKi.329
121.67515800000000 0.05000000000 0.05000000000 0 0 0 0 0 0 10  3  8 s 0 0 0 0 0 0  9  2  8 a 21MeBiDoKi.330
121.88529000000000 0.05000000000 0.05000000000 0 0 0 0 0 0 10  2  8 a 0 0 0 0 0 0  9  1  8 s 21MeBiDoKi.331
121.97682000000000 0.05000000000 0.05000000000 0 0 0 0 0 0 10  3  8 a 0 0 0 0 0 0  9  2  8 s 21MeBiDoKi.332
122.55010600000000 0.05000000000 0.05000000000 0 0 0 0 0 0 10  1  9 s 0 0 0 0 0 0  9  0  9 a 21MeBiDoKi.333
122.55369600000000 0.05000000000 0.05000000000 0 0 0 0 0 0 10  2  9 s 0 0 0 0 0 0  9  1  9 a 21MeBiDoKi.334
122.89490000000001 0.05000000000 0.05000000000 0 0 0 0 0 0 10  1  9 a 0 0 0 0 0 0  9  0  9 s 21MeBiDoKi.335
122.89847500000000 0.05000000000 0.05000000000 0 0 0 0 0 0 10  2  9 a 0 0 0 0 0 0  9  1  9 s 21MeBiDoKi.336
123.60773300000000 0.05000000000 0.05000000000 0 0 0 0 0 0 10  6  5 s 0 0 0 0 0 0  9  5  5 a 21MeBiDoKi.337
123.81667200000000 0.05000000000 0.05000000000 0 0 0 0 0 0 10  6  5 a 0 0 0 0 0 0  9  5  5 s 21MeBiDoKi.338
124.34094200000000 0.05000000000 0.05000000000 0 0 0 0 0 0  9  8  1 s 0 0 0 0 0 0  8  7  1 a 21MeBiDoKi.339
124.34273700000000 0.05000000000 0.05000000000 0 0 0 0 0 0  9  8  2 s 0 0 0 0 0 0  8  7  2 a 21MeBiDoKi.340
124.45611599999999 0.05000000000 0.05000000000 0 0 0 0 0 0  9  8  1 a 0 0 0 0 0 0  8  7  2 a 21MeBiDoKi.341
124.46466400000000 0.05000000000 0.05000000000 0 0 0 0 0 0  9  8  2 s 0 0 0 0 0 0  8  7  1 s 21MeBiDoKi.342
124.57817500000000 0.05000000000 0.05000000000 0 0 0 0 0 0  9  8  1 a 0 0 0 0 0 0  8  7  1 s 21MeBiDoKi.343
124.57997000000000 0.05000000000 0.05000000000 0 0 0 0 0 0  9  8  2 a 0 0 0 0 0 0  8  7  2 s 21MeBiDoKi.344
125.36386700000000 0.05000000000 0.05000000000 0 0 0 0 0 0 10  6  4 s 0 0 0 0 0 0  9  5  5 s 21MeBiDoKi.345
126.24128100000000 0.05000000000 0.05000000000 0 0 0 0 0 0 16  1 15 s 0 0 0 0 0 0 15  2 14 s 21MeBiDoKi.346
126.24128100000000 0.05000000000 0.05000000000 0 0 0 0 0 0 16  2 15 s 0 0 0 0 0 0 15  1 14 s 21MeBiDoKi.347
126.24567999999999 0.05000000000 0.05000000000 0 0 0 0 0 0 16  1 15 a 0 0 0 0 0 0 15  2 14 a 21MeBiDoKi.348
126.24567999999999 0.05000000000 0.05000000000 0 0 0 0 0 0 16  2 15 a 0 0 0 0 0 0 15  1 14 a 21MeBiDoKi.349
126.47673399999999 0.05000000000 0.05000000000 0 0 0 0 0 0  8  5  3 s 0 0 0 0 0 0  7  2  5 a 21MeBiDoKi.350
126.74279000000000 0.05000000000 0.05000000000 0 0 0 0 0 0  8  5  3 a 0 0 0 0 0 0  7  2  5 s 21MeBiDoKi.351
126.87616400000000 0.05000000000 0.05000000000 0 0 0 0 0 0 14  5 10 a 0 0 0 0 0 0 13  4  9 a 21MeBiDoKi.352
126.88224000000000 0.05000000000 0.05000000000 0 0 0 0 0 0 14  5 10 s 0 0 0 0 0 0 13  4  9 s 21MeBiDoKi.353
127.86641100000000 0.05000000000 0.05000000000 0 0 0 0 0 0 10  7  3 s 0 0 0 0 0 0  9  6  3 a 21MeBiDoKi.354
127.90064900000000 0.05000000000 0.05000000000 0 0 0 0 0 0 10  7  4 s 0 0 0 0 0 0  9  6  3 s 21MeBiDoKi.355
127.97528800000001 0.05000000000 0.05000000000 0 0 0 0 0 0 10  7  4 a 0 0 0 0 0 0  9  6  3 a 21MeBiDoKi.356
128.13137900000001 0.05000000000 0.05000000000 0 0 0 0 0 0 10  7  3 a 0 0 0 0 0 0  9  6  3 s 21MeBiDoKi.357
128.30372800000001 0.05000000000 0.05000000000 0 0 0 0 0 0 10  7  4 s 0 0 0 0 0 0  9  6  4 a 21MeBiDoKi.358
128.45898000000000 0.05000000000 0.05000000000 0 0 0 0 0 0 10  7  3 s 0 0 0 0 0 0  9  6  4 s 21MeBiDoKi.359
128.52030999999999 0.05000000000 0.05000000000 0 0 0 0 0 0 15  3 12 a 0 0 0 0 0 0 14  4 11 a 21MeBiDoKi.360
128.53417800000000 0.05000000000 0.05000000000 0 0 0 0 0 0 10  7  3 a 0 0 0 0 0 0  9  6  4 a 21MeBiDoKi.361
128.55395300000001 0.05000000000 0.05000000000 0 0 0 0 0 0 15  4 12 s 0 0 0 0 0 0 14  3 11 s 21MeBiDoKi.362
128.56785600000001 0.05000000000 0.05000000000 0 0 0 0 0 0 10  7  4 a 0 0 0 0 0 0  9  6  4 s 21MeBiDoKi.363
128.70357000000001 0.05000000000 0.05000000000 0 0 0 0 0 0 17  0 17 s 0 0 0 0 0 0 16  1 16 s 21MeBiDoKi.364
128.70357000000001 0.05000000000 0.05000000000 0 0 0 0 0 0 17  1 17 s 0 0 0 0 0 0 16  0 16 s 21MeBiDoKi.365
128.71414799999999 0.05000000000 0.05000000000 0 0 0 0 0 0 17  1 17 a 0 0 0 0 0 0 16  0 16 a 21MeBiDoKi.366
128.71414799999999 0.05000000000 0.05000000000 0 0 0 0 0 0 17  0 17 a 0 0 0 0 0 0 16  1 16 a 21MeBiDoKi.367
129.07722300000000 0.05000000000 0.05000000000 0 0 0 0 0 0 11  6  5 s 0 0 0 0 0 0 10  5  5 a 21MeBiDoKi.368
129.12062599999999 0.05000000000 0.05000000000 0 0 0 0 0 0 11  4  7 s 0 0 0 0 0 0 10  3  7 a 21MeBiDoKi.369
129.29184200000000 0.05000000000 0.05000000000 0 0 0 0 0 0 11  6  5 a 0 0 0 0 0 0 10  5  5 s 21MeBiDoKi.370
129.36973300000000 0.05000000000 0.05000000000 0 0 0 0 0 0 11  4  7 a 0 0 0 0 0 0 10  3  7 s 21MeBiDoKi.371
129.50206200000000 0.05000000000 0.05000000000 0 0 0 0 0 0  9  9  1 s 0 0 0 0 0 0  8  8  1 a 21MeBiDoKi.372
129.50206200000000 0.05000000000 0.05000000000 0 0 0 0 0 0  9  9  0 s 0 0 0 0 0 0  8  8  0 a 21MeBiDoKi.373
129.60517100000001 0.05000000000 0.05000000000 0 0 0 0 0 0  9  9  0 a 0 0 0 0 0 0  8  8  1 a 21MeBiDoKi.374
129.60517100000001 0.05000000000 0.05000000000 0 0 0 0 0 0  9  9  1 a 0 0 0 0 0 0  8  8  0 a 21MeBiDoKi.375
129.61641200000000 0.05000000000 0.05000000000 0 0 0 0 0 0  9  9  1 s 0 0 0 0 0 0  8  8  0 s 21MeBiDoKi.376
129.61641200000000 0.05000000000 0.05000000000 0 0 0 0 0 0  9  9  0 s 0 0 0 0 0 0  8  8  1 s 21MeBiDoKi.377
129.71953600000001 0.05000000000 0.05000000000 0 0 0 0 0 0  9  9  1 a 0 0 0 0 0 0  8  8  1 s 21MeBiDoKi.378
129.71953600000001 0.05000000000 0.05000000000 0 0 0 0 0 0  9  9  0 a 0 0 0 0 0 0  8  8  0 s 21MeBiDoKi.379
129.97932000000000 0.05000000000 0.05000000000 0 0 0 0 0 0 10  5  5 a 0 0 0 0 0 0  9  4  6 a 21MeBiDoKi.380
129.99165300000001 0.05000000000 0.05000000000 0 0 0 0 0 0 10  5  5 s 0 0 0 0 0 0  9  4  6 s 21MeBiDoKi.381
131.04373000000001 0.05000000000 0.05000000000 0 0 0 0 0 0 16  3 14 s 0 0 0 0 0 0 15  2 13 s 21MeBiDoKi.382
131.04373000000001 0.05000000000 0.05000000000 0 0 0 0 0 0 16  2 14 s 0 0 0 0 0 0 15  3 13 s 21MeBiDoKi.383
131.04482800000000 0.05000000000 0.05000000000 0 0 0 0 0 0 16  2 14 a 0 0 0 0 0 0 15  3 13 a 21MeBiDoKi.384
131.04482800000000 0.05000000000 0.05000000000 0 0 0 0 0 0 16  3 14 a 0 0 0 0 0 0 15  2 13 a 21MeBiDoKi.385
131.81938199999999 0.05000000000 0.05000000000 0 0 0 0 0 0  8  4  4 s 0 0 0 0 0 0  7  1  6 a 21MeBiDoKi.386
132.11198099999999 0.05000000000 0.05000000000 0 0 0 0 0 0  8  4  4 a 0 0 0 0 0 0  7  1  6 s 21MeBiDoKi.387
132.28063700000001 0.05000000000 0.05000000000 0 0 0 0 0 0 11  5  7 s 0 0 0 0 0 0 10  4  7 a 21MeBiDoKi.388
132.41595300000000 0.05000000000 0.05000000000 0 0 0 0 0 0 11  3  8 s 0 0 0 0 0 0 10  2  8 a 21MeBiDoKi.389
132.51659000000001 0.05000000000 0.05000000000 0 0 0 0 0 0 11  5  7 a 0 0 0 0 0 0 10  4  7 s 21MeBiDoKi.390
132.68320100000000 0.05000000000 0.05000000000 0 0 0 0 0 0 11  3  8 a 0 0 0 0 0 0 10  2  8 s 21MeBiDoKi.391
132.91946999999999 0.05000000000 0.05000000000 0 0 0 0 0 0  7  5  3 s 0 0 0 0 0 0  6  2  5 a 21MeBiDoKi.392
133.13783400000000 0.05000000000 0.05000000000 0 0 0 0 0 0 11  4  8 a 0 0 0 0 0 0 10  3  8 s 21MeBiDoKi.393
133.64595000000000 0.05000000000 0.05000000000 0 0 0 0 0 0 10  8  3 s 0 0 0 0 0 0  9  7  2 s 21MeBiDoKi.394
133.65280600000000 0.05000000000 0.05000000000 0 0 0 0 0 0 10  8  2 a 0 0 0 0 0 0  9  7  3 a 21MeBiDoKi.395
133.67000600000000 0.05000000000 0.05000000000 0 0 0 0 0 0 11  6  6 s 0 0 0 0 0 0 10  5  6 a 21MeBiDoKi.396
133.76068200000000 0.05000000000 0.05000000000 0 0 0 0 0 0 10  8  2 a 0 0 0 0 0 0  9  7  2 s 21MeBiDoKi.397
133.77395300000001 0.05000000000 0.05000000000 0 0 0 0 0 0 10  8  3 a 0 0 0 0 0 0  9  7  3 s 21MeBiDoKi.398
133.87622400000001 0.05000000000 0.05000000000 0 0 0 0 0 0 11  6  6 a 0 0 0 0 0 0 10  5  6 s 21MeBiDoKi.399
133.90073599999999 0.05000000000 0.05000000000 0 0 0 0 0 0 11  2  9 s 0 0 0 0 0 0 10  1  9 a 21MeBiDoKi.400
133.93104500000001 0.05000000000 0.05000000000 0 0 0 0 0 0 11  3  9 s 0 0 0 0 0 0 10  2  9 a 21MeBiDoKi.401
134.20260300000001 0.05000000000 0.05000000000 0 0 0 0 0 0 11  2  9 a 0 0 0 0 0 0 10  1  9 s 21MeBiDoKi.402
134.23275100000001 0.05000000000 0.05000000000 0 0 0 0 0 0 11  3  9 a 0 0 0 0 0 0 10  2  9 s 21MeBiDoKi.403
134.82426000000001 0.05000000000 0.05000000000 0 0 0 0 0 0 11  1 10 s 0 0 0 0 0 0 10  0 10 a 21MeBiDoKi.404
134.82540700000001 0.05000000000 0.05000000000 0 0 0 0 0 0 11  2 10 s 0 0 0 0 0 0 10  1 10 a 21MeBiDoKi.405
135.17510700000000 0.05000000000 0.05000000000 0 0 0 0 0 0 11  1 10 a 0 0 0 0 0 0 10  0 10 s 21MeBiDoKi.406
135.17624000000001 0.05000000000 0.05000000000 0 0 0 0 0 0 11  2 10 a 0 0 0 0 0 0 10  1 10 s 21MeBiDoKi.407
136.01007200000001 0.05000000000 0.05000000000 0 0 0 0 0 0 11  7  5 a 0 0 0 0 0 0 10  6  4 a 21MeBiDoKi.408
137.57910200000001 0.05000000000 0.05000000000 0 0 0 0 0 0 11  7  5 s 0 0 0 0 0 0 10  6  5 a 21MeBiDoKi.409
137.74961200000001 0.05000000000 0.05000000000 0 0 0 0 0 0 11  7  5 a 0 0 0 0 0 0 10  6  5 s 21MeBiDoKi.410
137.91467800000001 0.05000000000 0.05000000000 0 0 0 0 0 0 12  6  6 s 0 0 0 0 0 0 11  5  6 a 21MeBiDoKi.411
138.07231300000001 0.05000000000 0.05000000000 0 0 0 0 0 0 12  5  7 s 0 0 0 0 0 0 11  4  7 a 21MeBiDoKi.412
138.12725200000000 0.05000000000 0.05000000000 0 0 0 0 0 0 12  6  6 a 0 0 0 0 0 0 11  5  6 s 21MeBiDoKi.413
138.20812900000001 0.05000000000 0.05000000000 0 0 0 0 0 0 11  7  4 s 0 0 0 0 0 0 10  6  5 s 21MeBiDoKi.414
138.30076299999999 0.05000000000 0.05000000000 0 0 0 0 0 0 12  5  7 a 0 0 0 0 0 0 11  4  7 s 21MeBiDoKi.415
138.73928599999999 0.05000000000 0.05000000000 0 0 0 0 0 0 10  9  2 s 0 0 0 0 0 0  9  8  2 a 21MeBiDoKi.416
138.73928599999999 0.05000000000 0.05000000000 0 0 0 0 0 0 10  9  1 s 0 0 0 0 0 0  9  8  1 a 21MeBiDoKi.417
138.84104099999999 0.05000000000 0.05000000000 0 0 0 0 0 0 10  9  1 a 0 0 0 0 0 0  9  8  2 a 21MeBiDoKi.418
138.84104099999999 0.05000000000 0.05000000000 0 0 0 0 0 0 10  9  2 a 0 0 0 0 0 0  9  8  1 a 21MeBiDoKi.419
138.85248799999999 0.05000000000 0.05000000000 0 0 0 0 0 0 10  9  1 s 0 0 0 0 0 0  9  8  2 s 21MeBiDoKi.420
138.85248799999999 0.05000000000 0.05000000000 0 0 0 0 0 0 10  9  2 s 0 0 0 0 0 0  9  8  1 s 21MeBiDoKi.421
138.89503800000000 0.05000000000 0.05000000000 0 0 0 0 0 0  8  6  2 s 0 0 0 0 0 0  7  3  4 a 21MeBiDoKi.422
138.95433199999999 0.05000000000 0.05000000000 0 0 0 0 0 0 10  9  2 a 0 0 0 0 0 0  9  8  2 s 21MeBiDoKi.423
138.95433199999999 0.05000000000 0.05000000000 0 0 0 0 0 0 10  9  1 a 0 0 0 0 0 0  9  8  1 s 21MeBiDoKi.424
141.19541000000001 0.05000000000 0.05000000000 0 0 0 0 0 0  9  5  4 s 0 0 0 0 0 0  8  2  6 a 21MeBiDoKi.425
141.45852300000001 0.05000000000 0.05000000000 0 0 0 0 0 0  9  5  4 a 0 0 0 0 0 0  8  2  6 s 21MeBiDoKi.426
142.58520400000000 0.05000000000 0.05000000000 0 0 0 0 0 0 11  8  3 s 0 0 0 0 0 0 10  7  3 a 21MeBiDoKi.427
142.62153100000000 0.05000000000 0.05000000000 0 0 0 0 0 0 12  4  8 a 0 0 0 0 0 0 11  3  8 s 21MeBiDoKi.428
142.62898999999999 0.05000000000 0.05000000000 0 0 0 0 0 0 11  8  4 s 0 0 0 0 0 0 10  7  4 a 21MeBiDoKi.429
142.68131000000000 0.05000000000 0.05000000000 0 0 0 0 0 0 11  8  4 a 0 0 0 0 0 0 10  7  3 a 21MeBiDoKi.430
142.73786699999999 0.05000000000 0.05000000000 0 0 0 0 0 0 11  8  4 s 0 0 0 0 0 0 10  7  3 s 21MeBiDoKi.431
142.75951000000001 0.05000000000 0.05000000000 0 0 0 0 0 0 11  8  3 a 0 0 0 0 0 0 10  7  4 a 21MeBiDoKi.432
142.81584599999999 0.05000000000 0.05000000000 0 0 0 0 0 0 11  8  3 s 0 0 0 0 0 0 10  7  4 s 21MeBiDoKi.433
142.82527700000000 0.05000000000 0.05000000000 0 0 0 0 0 0 12  7  6 a 0 0 0 0 0 0 11  6  5 a 21MeBiDoKi.434
142.91189299999999 0.05000000000 0.05000000000 0 0 0 0 0 0 11  8  4 a 0 0 0 0 0 0 10  7  4 s 21MeBiDoKi.435
143.78845300000000 0.05000000000 0.05000000000 0 0 0 0 0 0 10 10  0 s 0 0 0 0 0 0  9  9  0 a 21MeBiDoKi.436
143.78845300000000 0.05000000000 0.05000000000 0 0 0 0 0 0 10 10  1 s 0 0 0 0 0 0  9  9  1 a 21MeBiDoKi.437
143.88039499999999 0.05000000000 0.05000000000 0 0 0 0 0 0 10 10  0 a 0 0 0 0 0 0  9  9  1 a 21MeBiDoKi.438
143.88039499999999 0.05000000000 0.05000000000 0 0 0 0 0 0 10 10  1 a 0 0 0 0 0 0  9  9  0 a 21MeBiDoKi.439
143.89159100000001 0.05000000000 0.05000000000 0 0 0 0 0 0 10 10  0 s 0 0 0 0 0 0  9  9  1 s 21MeBiDoKi.440
143.89159100000001 0.05000000000 0.05000000000 0 0 0 0 0 0 10 10  1 s 0 0 0 0 0 0  9  9  0 s 21MeBiDoKi.441
143.98354800000001 0.05000000000 0.05000000000 0 0 0 0 0 0 10 10  0 a 0 0 0 0 0 0  9  9  0 s 21MeBiDoKi.442
143.98354800000001 0.05000000000 0.05000000000 0 0 0 0 0 0 10 10  1 a 0 0 0 0 0 0  9  9  1 s 21MeBiDoKi.443
144.00885500000001 0.05000000000 0.05000000000 0 0 0 0 0 0 12  5  8 s 0 0 0 0 0 0 11  4  8 a 21MeBiDoKi.444
144.23946699999999 0.05000000000 0.05000000000 0 0 0 0 0 0 12  5  8 a 0 0 0 0 0 0 11  4  8 s 21MeBiDoKi.445
144.25591600000001 0.05000000000 0.05000000000 0 0 0 0 0 0 12  6  7 s 0 0 0 0 0 0 11  5  7 a 21MeBiDoKi.446
144.40799000000001 0.05000000000 0.05000000000 0 0 0 0 0 0 12  7  5 s 0 0 0 0 0 0 11  6  5 a 21MeBiDoKi.447
144.45820599999999 0.05000000000 0.05000000000 0 0 0 0 0 0 12  6  7 a 0 0 0 0 0 0 11  5  7 s 21MeBiDoKi.448
144.58401699999999 0.05000000000 0.05000000000 0 0 0 0 0 0 12  7  5 a 0 0 0 0 0 0 11  6  5 s 21MeBiDoKi.449
144.88512000000000 0.05000000000 0.05000000000 0 0 0 0 0 0 12  3  9 s 0 0 0 0 0 0 11  2  9 a 21MeBiDoKi.450
145.05773400000001 0.05000000000 0.05000000000 0 0 0 0 0 0 12  4  9 s 0 0 0 0 0 0 11  3  9 a 21MeBiDoKi.451
145.14771900000000 0.05000000000 0.05000000000 0 0 0 0 0 0 12  3  9 a 0 0 0 0 0 0 11  2  9 s 21MeBiDoKi.452
145.31937600000001 0.05000000000 0.05000000000 0 0 0 0 0 0 12  4  9 a 0 0 0 0 0 0 11  3  9 s 21MeBiDoKi.453
145.94288599999999 0.05000000000 0.05000000000 0 0 0 0 0 0  9  6  3 s 0 0 0 0 0 0  8  3  5 a 21MeBiDoKi.454
146.16083000000000 0.05000000000 0.05000000000 0 0 0 0 0 0 12  2 10 s 0 0 0 0 0 0 11  1 10 a 21MeBiDoKi.455
146.17042300000000 0.05000000000 0.05000000000 0 0 0 0 0 0 12  3 10 s 0 0 0 0 0 0 11  2 10 a 21MeBiDoKi.456
146.17867699999999 0.05000000000 0.05000000000 0 0 0 0 0 0  9  6  3 a 0 0 0 0 0 0  8  3  5 s 21MeBiDoKi.457
146.46358100000000 0.05000000000 0.05000000000 0 0 0 0 0 0 12  2 10 a 0 0 0 0 0 0 11  1 10 s 21MeBiDoKi.458
146.47311500000001 0.05000000000 0.05000000000 0 0 0 0 0 0 12  3 10 a 0 0 0 0 0 0 11  2 10 s 21MeBiDoKi.459
147.06410900000000 0.05000000000 0.05000000000 0 0 0 0 0 0 12  7  6 s 0 0 0 0 0 0 11  6  6 a 21MeBiDoKi.460
147.07827800000001 0.05000000000 0.05000000000 0 0 0 0 0 0 12  2 11 s 0 0 0 0 0 0 11  1 11 a 21MeBiDoKi.461
147.07827800000001 0.05000000000 0.05000000000 0 0 0 0 0 0 12  1 11 s 0 0 0 0 0 0 11  0 11 a 21MeBiDoKi.462
147.23404500000001 0.05000000000 0.05000000000 0 0 0 0 0 0 12  7  6 a 0 0 0 0 0 0 11  6  6 s 21MeBiDoKi.463
147.43640800000000 0.05000000000 0.05000000000 0 0 0 0 0 0 12  1 11 a 0 0 0 0 0 0 11  0 11 s 21MeBiDoKi.464
147.43640800000000 0.05000000000 0.05000000000 0 0 0 0 0 0 12  2 11 a 0 0 0 0 0 0 11  1 11 s 21MeBiDoKi.465
148.02190400000001 0.05000000000 0.05000000000 0 0 0 0 0 0 11  9  3 a 0 0 0 0 0 0 10  8  2 a 21MeBiDoKi.466
148.02547400000000 0.05000000000 0.05000000000 0 0 0 0 0 0 11  9  2 a 0 0 0 0 0 0 10  8  3 a 21MeBiDoKi.467
148.03308100000001 0.05000000000 0.05000000000 0 0 0 0 0 0 11  9  3 s 0 0 0 0 0 0 10  8  2 s 21MeBiDoKi.468
148.03650600000000 0.05000000000 0.05000000000 0 0 0 0 0 0 11  9  2 s 0 0 0 0 0 0 10  8  3 s 21MeBiDoKi.469
148.13401200000001 0.05000000000 0.05000000000 0 0 0 0 0 0 11  9  2 a 0 0 0 0 0 0 10  8  2 s 21MeBiDoKi.470
148.13657200000000 0.05000000000 0.05000000000 0 0 0 0 0 0 11  9  3 a 0 0 0 0 0 0 10  8  3 s 21MeBiDoKi.471
148.14647400000001 0.05000000000 0.05000000000 0 0 0 0 0 0 13  6  7 s 0 0 0 0 0 0 12  5  7 a 21MeBiDoKi.472
148.35263399999999 0.05000000000 0.05000000000 0 0 0 0 0 0 13  6  7 a 0 0 0 0 0 0 12  5  7 s 21MeBiDoKi.473
148.81675700000000 0.05000000000 0.05000000000 0 0 0 0 0 0 12  7  5 s 0 0 0 0 0 0 11  6  6 s 21MeBiDoKi.474
151.34309200000001 0.05000000000 0.05000000000 0 0 0 0 0 0 12  8  4 s 0 0 0 0 0 0 11  7  4 a 21MeBiDoKi.475
151.46905100000001 0.05000000000 0.05000000000 0 0 0 0 0 0 13  5  8 a 0 0 0 0 0 0 12  4  8 s 21MeBiDoKi.476
151.47081600000001 0.05000000000 0.05000000000 0 0 0 0 0 0 12  8  5 a 0 0 0 0 0 0 11  7  4 a 21MeBiDoKi.477
151.59570099999999 0.05000000000 0.05000000000 0 0 0 0 0 0 12  8  4 a 0 0 0 0 0 0 11  7  4 s 21MeBiDoKi.478
151.82910899999999 0.05000000000 0.05000000000 0 0 0 0 0 0 12  8  5 s 0 0 0 0 0 0 11  7  5 a 21MeBiDoKi.479
151.95287500000001 0.05000000000 0.05000000000 0 0 0 0 0 0 12  8  4 s 0 0 0 0 0 0 11  7  5 s 21MeBiDoKi.480
152.08062799999999 0.05000000000 0.05000000000 0 0 0 0 0 0 12  8  5 a 0 0 0 0 0 0 11  7  5 s 21MeBiDoKi.481
152.11155500000001 0.05000000000 0.05000000000 0 0 0 0 0 0 13  7  6 s 0 0 0 0 0 0 12  6  6 a 21MeBiDoKi.482
152.28945100000001 0.05000000000 0.05000000000 0 0 0 0 0 0 13  7  6 a 0 0 0 0 0 0 12  6  6 s 21MeBiDoKi.483
153.10309799999999 0.05000000000 0.05000000000 0 0 0 0 0 0 11 10  2 a 0 0 0 0 0 0 10  9  1 a 21MeBiDoKi.484
153.10309799999999 0.05000000000 0.05000000000 0 0 0 0 0 0 11 10  1 a 0 0 0 0 0 0 10  9  2 a 21MeBiDoKi.485
153.11426499999999 0.05000000000 0.05000000000 0 0 0 0 0 0 11 10  1 s 0 0 0 0 0 0 10  9  2 s 21MeBiDoKi.486
153.11426499999999 0.05000000000 0.05000000000 0 0 0 0 0 0 11 10  2 s 0 0 0 0 0 0 10  9  1 s 21MeBiDoKi.487
154.07387000000000 0.05000000000 0.05000000000 0 0 0 0 0 0 10  6  5 a 0 0 0 0 0 0  9  3  6 a 21MeBiDoKi.488
154.13724999999999 0.05000000000 0.05000000000 0 0 0 0 0 0  9  4  5 a 0 0 0 0 0 0  8  1  7 s 21MeBiDoKi.489
155.27016800000001 0.05000000000 0.05000000000 0 0 0 0 0 0 13  4  9 s 0 0 0 0 0 0 12  3  9 a 21MeBiDoKi.490
155.37221800000000 0.05000000000 0.05000000000 0 0 0 0 0 0 13  6  8 s 0 0 0 0 0 0 12  5  8 a 21MeBiDoKi.491
155.49864700000001 0.05000000000 0.05000000000 0 0 0 0 0 0 13  4  9 a 0 0 0 0 0 0 12  3  9 s 21MeBiDoKi.492
155.56928500000001 0.05000000000 0.05000000000 0 0 0 0 0 0 13  6  8 a 0 0 0 0 0 0 12  5  8 s 21MeBiDoKi.493
155.62120700000000 0.05000000000 0.05000000000 0 0 0 0 0 0 10  6  4 s 0 0 0 0 0 0  9  3  6 a 21MeBiDoKi.494
155.85367299999999 0.05000000000 0.05000000000 0 0 0 0 0 0 10  6  4 a 0 0 0 0 0 0  9  3  6 s 21MeBiDoKi.495
155.99388900000000 0.05000000000 0.05000000000 0 0 0 0 0 0 13  5  9 s 0 0 0 0 0 0 12  4  9 a 21MeBiDoKi.496
156.21888100000001 0.05000000000 0.05000000000 0 0 0 0 0 0 13  5  9 a 0 0 0 0 0 0 12  4  9 s 21MeBiDoKi.497
156.92453399999999 0.05000000000 0.05000000000 0 0 0 0 0 0 13  7  7 s 0 0 0 0 0 0 12  6  7 a 21MeBiDoKi.498
157.02255199999999 0.05000000000 0.05000000000 0 0 0 0 0 0 12  9  3 s 0 0 0 0 0 0 11  8  3 a 21MeBiDoKi.499
157.03654399999999 0.05000000000 0.05000000000 0 0 0 0 0 0 12  9  4 s 0 0 0 0 0 0 11  8  4 a 21MeBiDoKi.500
157.09192400000001 0.05000000000 0.05000000000 0 0 0 0 0 0 13  7  7 a 0 0 0 0 0 0 12  6  7 s 21MeBiDoKi.501
157.13262000000000 0.05000000000 0.05000000000 0 0 0 0 0 0 12  9  4 s 0 0 0 0 0 0 11  8  3 s 21MeBiDoKi.502
157.13863799999999 0.05000000000 0.05000000000 0 0 0 0 0 0 12  9  3 a 0 0 0 0 0 0 11  8  4 a 21MeBiDoKi.503
157.19731400000001 0.05000000000 0.05000000000 0 0 0 0 0 0 13  3 10 s 0 0 0 0 0 0 12  2 10 a 21MeBiDoKi.504
157.23478800000001 0.05000000000 0.05000000000 0 0 0 0 0 0 12  9  3 a 0 0 0 0 0 0 11  8  3 s 21MeBiDoKi.505
157.24870700000000 0.05000000000 0.05000000000 0 0 0 0 0 0 12  9  4 a 0 0 0 0 0 0 11  8  4 s 21MeBiDoKi.506
157.25872600000000 0.05000000000 0.05000000000 0 0 0 0 0 0 13  4 10 s 0 0 0 0 0 0 12  3 10 a 21MeBiDoKi.507
157.45649900000001 0.05000000000 0.05000000000 0 0 0 0 0 0 13  3 10 a 0 0 0 0 0 0 12  2 10 s 21MeBiDoKi.508
157.51755800000001 0.05000000000 0.05000000000 0 0 0 0 0 0 13  4 10 a 0 0 0 0 0 0 12  3 10 s 21MeBiDoKi.509
157.94153000000000 0.05000000000 0.05000000000 0 0 0 0 0 0 11 11  1 s 0 0 0 0 0 0 10 10  1 a 21MeBiDoKi.510
157.94153000000000 0.05000000000 0.05000000000 0 0 0 0 0 0 11 11  0 s 0 0 0 0 0 0 10 10  0 a 21MeBiDoKi.511
158.02261300000001 0.05000000000 0.05000000000 0 0 0 0 0 0 11 11  0 a 0 0 0 0 0 0 10 10  1 a 21MeBiDoKi.512
158.02261300000001 0.05000000000 0.05000000000 0 0 0 0 0 0 11 11  1 a 0 0 0 0 0 0 10 10  0 a 21MeBiDoKi.513
158.03354500000000 0.05000000000 0.05000000000 0 0 0 0 0 0 11 11  1 s 0 0 0 0 0 0 10 10  0 s 21MeBiDoKi.514
158.03354500000000 0.05000000000 0.05000000000 0 0 0 0 0 0 11 11  0 s 0 0 0 0 0 0 10 10  1 s 21MeBiDoKi.515
158.11462900000001 0.05000000000 0.05000000000 0 0 0 0 0 0 11 11  1 a 0 0 0 0 0 0 10 10  1 s 21MeBiDoKi.516
158.11462900000001 0.05000000000 0.05000000000 0 0 0 0 0 0 11 11  0 a 0 0 0 0 0 0 10 10  0 s 21MeBiDoKi.517
158.38149400000000 0.05000000000 0.05000000000 0 0 0 0 0 0 13  2 11 s 0 0 0 0 0 0 12  1 11 a 21MeBiDoKi.518
158.38442200000000 0.05000000000 0.05000000000 0 0 0 0 0 0 13  3 11 s 0 0 0 0 0 0 12  2 11 a 21MeBiDoKi.519
158.68615800000001 0.05000000000 0.05000000000 0 0 0 0 0 0 13  2 11 a 0 0 0 0 0 0 12  1 11 s 21MeBiDoKi.520
158.68901199999999 0.05000000000 0.05000000000 0 0 0 0 0 0 13  3 11 a 0 0 0 0 0 0 12  2 11 s 21MeBiDoKi.521
159.31208000000001 0.05000000000 0.05000000000 0 0 0 0 0 0 13  2 12 s 0 0 0 0 0 0 12  1 12 a 21MeBiDoKi.522
159.31208000000001 0.05000000000 0.05000000000 0 0 0 0 0 0 13  1 12 s 0 0 0 0 0 0 12  0 12 a 21MeBiDoKi.523
159.67862700000001 0.05000000000 0.05000000000 0 0 0 0 0 0 13  1 12 a 0 0 0 0 0 0 12  0 12 s 21MeBiDoKi.524
159.67862700000001 0.05000000000 0.05000000000 0 0 0 0 0 0 13  2 12 a 0 0 0 0 0 0 12  1 12 s 21MeBiDoKi.525
159.85253499999999 0.05000000000 0.05000000000 0 0 0 0 0 0 13  8  5 s 0 0 0 0 0 0 12  7  5 a 21MeBiDoKi.526
159.93606100000000 0.05000000000 0.05000000000 0 0 0 0 0 0 14  6  8 s 0 0 0 0 0 0 13  5  8 a 21MeBiDoKi.527
159.98777799999999 0.05000000000 0.05000000000 0 0 0 0 0 0 13  8  5 a 0 0 0 0 0 0 12  7  5 s 21MeBiDoKi.528
160.13118499999999 0.05000000000 0.05000000000 0 0 0 0 0 0 14  6  8 a 0 0 0 0 0 0 13  5  8 s 21MeBiDoKi.529
160.44782499999999 0.05000000000 0.05000000000 0 0 0 0 0 0 14  7  7 s 0 0 0 0 0 0 13  6  7 a 21MeBiDoKi.530
160.62517600000001 0.05000000000 0.05000000000 0 0 0 0 0 0 14  7  7 a 0 0 0 0 0 0 13  6  7 s 21MeBiDoKi.531
160.97103600000000 0.05000000000 0.05000000000 0 0 0 0 0 0 13  8  6 s 0 0 0 0 0 0 12  7  6 a 21MeBiDoKi.532
161.10342399999999 0.05000000000 0.05000000000 0 0 0 0 0 0 13  8  6 a 0 0 0 0 0 0 12  7  6 s 21MeBiDoKi.533
162.18462700000001 0.05000000000 0.05000000000 0 0 0 0 0 0 12 10  3 s 0 0 0 0 0 0 11  9  3 a 21MeBiDoKi.534
162.18462700000001 0.05000000000 0.05000000000 0 0 0 0 0 0 12 10  2 s 0 0 0 0 0 0 11  9  2 a 21MeBiDoKi.535
162.37457300000000 0.05000000000 0.05000000000 0 0 0 0 0 0 12 10  3 a 0 0 0 0 0 0 11  9  3 s 21MeBiDoKi.536
162.37457300000000 0.05000000000 0.05000000000 0 0 0 0 0 0 12 10  2 a 0 0 0 0 0 0 11  9  2 s 21MeBiDoKi.537
164.65386100000001 0.05000000000 0.05000000000 0 0 0 0 0 0 14  5  9 s 0 0 0 0 0 0 13  4  9 a 21MeBiDoKi.538
164.85515000000001 0.05000000000 0.05000000000 0 0 0 0 0 0 14  5  9 a 0 0 0 0 0 0 13  4  9 s 21MeBiDoKi.539
165.97912500000001 0.05000000000 0.05000000000 0 0 0 0 0 0 13  9  4 s 0 0 0 0 0 0 12  8  4 a 21MeBiDoKi.540
166.01286200000001 0.05000000000 0.05000000000 0 0 0 0 0 0 13  9  5 s 0 0 0 0 0 0 12  8  5 a 21MeBiDoKi.541
166.06675600000000 0.05000000000 0.05000000000 0 0 0 0 0 0 13  9  5 a 0 0 0 0 0 0 12  8  4 a 21MeBiDoKi.542
166.20441000000000 0.05000000000 0.05000000000 0 0 0 0 0 0 13  9  4 s 0 0 0 0 0 0 12  8  5 s 21MeBiDoKi.543
166.25849600000001 0.05000000000 0.05000000000 0 0 0 0 0 0 13  9  4 a 0 0 0 0 0 0 12  8  4 s 21MeBiDoKi.544
166.29192399999999 0.05000000000 0.05000000000 0 0 0 0 0 0 13  9  5 a 0 0 0 0 0 0 12  8  5 s 21MeBiDoKi.545
166.92807199999999 0.05000000000 0.05000000000 0 0 0 0 0 0 14  6  9 s 0 0 0 0 0 0 13  5  9 a 21MeBiDoKi.546
167.11898900000000 0.05000000000 0.05000000000 0 0 0 0 0 0 14  6  9 a 0 0 0 0 0 0 13  5  9 s 21MeBiDoKi.547
167.15037200000000 0.05000000000 0.05000000000 0 0 0 0 0 0 12 11  2 s 0 0 0 0 0 0 11 10  2 a 21MeBiDoKi.548
167.15037200000000 0.05000000000 0.05000000000 0 0 0 0 0 0 12 11  1 s 0 0 0 0 0 0 11 10  1 a 21MeBiDoKi.549
167.28331900000001 0.05000000000 0.05000000000 0 0 0 0 0 0 14  7  8 s 0 0 0 0 0 0 13  6  8 a 21MeBiDoKi.550
167.32114600000000 0.05000000000 0.05000000000 0 0 0 0 0 0 12 11  2 a 0 0 0 0 0 0 11 10  2 s 21MeBiDoKi.551
167.32114600000000 0.05000000000 0.05000000000 0 0 0 0 0 0 12 11  1 a 0 0 0 0 0 0 11 10  1 s 21MeBiDoKi.552
167.44689900000000 0.05000000000 0.05000000000 0 0 0 0 0 0 14  7  8 a 0 0 0 0 0 0 13  6  8 s 21MeBiDoKi.553
167.63732999999999 0.05000000000 0.05000000000 0 0 0 0 0 0 14  8  6 s 0 0 0 0 0 0 13  7  6 a 21MeBiDoKi.554
167.77579399999999 0.05000000000 0.05000000000 0 0 0 0 0 0 14  8  6 a 0 0 0 0 0 0 13  7  6 s 21MeBiDoKi.555
167.80448500000000 0.05000000000 0.05000000000 0 0 0 0 0 0 14  4 10 s 0 0 0 0 0 0 13  3 10 a 21MeBiDoKi.556
168.02548999999999 0.05000000000 0.05000000000 0 0 0 0 0 0 14  4 10 a 0 0 0 0 0 0 13  3 10 s 21MeBiDoKi.557
168.09752499999999 0.05000000000 0.05000000000 0 0 0 0 0 0 14  5 10 s 0 0 0 0 0 0 13  4 10 a 21MeBiDoKi.558
168.31701400000000 0.05000000000 0.05000000000 0 0 0 0 0 0 14  5 10 a 0 0 0 0 0 0 13  4 10 s 21MeBiDoKi.559
169.31701400000000 0.05000000000 0.05000000000 0 0 0 0 0 0 11  6  5 s 0 0 0 0 0 0 10  3  7 a 21MeBiDoKi.560
169.41868400000001 0.05000000000 0.05000000000 0 0 0 0 0 0 14  3 11 s 0 0 0 0 0 0 13  2 11 a 21MeBiDoKi.561
169.43959100000001 0.05000000000 0.05000000000 0 0 0 0 0 0 14  4 11 s 0 0 0 0 0 0 13  3 11 a 21MeBiDoKi.562
169.54540700000001 0.05000000000 0.05000000000 0 0 0 0 0 0 11  6  5 a 0 0 0 0 0 0 10  3  7 s 21MeBiDoKi.563
169.67550000000000 0.05000000000 0.05000000000 0 0 0 0 0 0 14  3 11 a 0 0 0 0 0 0 13  2 11 s 21MeBiDoKi.564
169.69627500000001 0.05000000000 0.05000000000 0 0 0 0 0 0 14  4 11 a 0 0 0 0 0 0 13  3 11 s 21MeBiDoKi.565
170.15420399999999 0.05000000000 0.05000000000 0 0 0 0 0 0 15  7  8 s 0 0 0 0 0 0 14  6  8 a 21MeBiDoKi.566
170.28163400000000 0.05000000000 0.05000000000 0 0 0 0 0 0 14  8  7 s 0 0 0 0 0 0 13  7  7 a 21MeBiDoKi.567
170.32658200000000 0.05000000000 0.05000000000 0 0 0 0 0 0 15  7  8 a 0 0 0 0 0 0 14  6  8 s 21MeBiDoKi.568
170.41346300000001 0.05000000000 0.05000000000 0 0 0 0 0 0 14  8  7 a 0 0 0 0 0 0 13  7  7 s 21MeBiDoKi.569
170.56970100000001 0.05000000000 0.05000000000 0 0 0 0 0 0 14  2 12 s 0 0 0 0 0 0 13  1 12 a 21MeBiDoKi.570
170.57046800000001 0.05000000000 0.05000000000 0 0 0 0 0 0 14  3 12 s 0 0 0 0 0 0 13  2 12 a 21MeBiDoKi.571
170.87726000000001 0.05000000000 0.05000000000 0 0 0 0 0 0 14  2 12 a 0 0 0 0 0 0 13  1 12 s 21MeBiDoKi.572
170.87808699999999 0.05000000000 0.05000000000 0 0 0 0 0 0 14  3 12 a 0 0 0 0 0 0 13  2 12 s 21MeBiDoKi.573
171.28671299999999 0.05000000000 0.05000000000 0 0 0 0 0 0 13 10  3 s 0 0 0 0 0 0 12  9  3 a 21MeBiDoKi.574
171.28942000000001 0.05000000000 0.05000000000 0 0 0 0 0 0 13 10  4 s 0 0 0 0 0 0 12  9  4 a 21MeBiDoKi.575
171.47339199999999 0.05000000000 0.05000000000 0 0 0 0 0 0 13 10  3 a 0 0 0 0 0 0 12  9  3 s 21MeBiDoKi.576
171.47609900000000 0.05000000000 0.05000000000 0 0 0 0 0 0 13 10  4 a 0 0 0 0 0 0 12  9  4 s 21MeBiDoKi.577
171.52563799999999 0.05000000000 0.05000000000 0 0 0 0 0 0 14  1 13 s 0 0 0 0 0 0 13  0 13 a 21MeBiDoKi.578
171.52563799999999 0.05000000000 0.05000000000 0 0 0 0 0 0 14  2 13 s 0 0 0 0 0 0 13  1 13 a 21MeBiDoKi.579
171.90207100000001 0.05000000000 0.05000000000 0 0 0 0 0 0 14  1 13 a 0 0 0 0 0 0 13  0 13 s 21MeBiDoKi.580
171.90207100000001 0.05000000000 0.05000000000 0 0 0 0 0 0 14  2 13 a 0 0 0 0 0 0 13  1 13 s 21MeBiDoKi.581
171.95109500000001 0.05000000000 0.05000000000 0 0 0 0 0 0 12 12  0 s 0 0 0 0 0 0 11 11  0 a 21MeBiDoKi.582
171.95109500000001 0.05000000000 0.05000000000 0 0 0 0 0 0 12 12  1 s 0 0 0 0 0 0 11 11  1 a 21MeBiDoKi.583
172.02182999999999 0.05000000000 0.05000000000 0 0 0 0 0 0 12 12  0 a 0 0 0 0 0 0 11 11  1 a 21MeBiDoKi.584
172.02182999999999 0.05000000000 0.05000000000 0 0 0 0 0 0 12 12  1 a 0 0 0 0 0 0 11 11  0 a 21MeBiDoKi.585
172.03220999999999 0.05000000000 0.05000000000 0 0 0 0 0 0 12 12  1 s 0 0 0 0 0 0 11 11  0 s 21MeBiDoKi.586
172.03220999999999 0.05000000000 0.05000000000 0 0 0 0 0 0 12 12  0 s 0 0 0 0 0 0 11 11  1 s 21MeBiDoKi.587
172.10306700000001 0.05000000000 0.05000000000 0 0 0 0 0 0 12 12  1 a 0 0 0 0 0 0 11 11  1 s 21MeBiDoKi.588
172.10306700000001 0.05000000000 0.05000000000 0 0 0 0 0 0 12 12  0 a 0 0 0 0 0 0 11 11  0 s 21MeBiDoKi.589
172.97637399999999 0.05000000000 0.05000000000 0 0 0 0 0 0 15  6  9 s 0 0 0 0 0 0 14  5  9 a 21MeBiDoKi.590
173.15718300000000 0.05000000000 0.05000000000 0 0 0 0 0 0 15  6  9 a 0 0 0 0 0 0 14  5  9 s 21MeBiDoKi.591
174.61462900000001 0.05000000000 0.05000000000 0 0 0 0 0 0 14  9  5 s 0 0 0 0 0 0 13  8  5 a 21MeBiDoKi.592
174.75613899999999 0.05000000000 0.05000000000 0 0 0 0 0 0 14  9  6 a 0 0 0 0 0 0 13  8  5 a 21MeBiDoKi.593
174.84896300000000 0.05000000000 0.05000000000 0 0 0 0 0 0 14  9  5 a 0 0 0 0 0 0 13  8  5 s 21MeBiDoKi.594
175.03583399999999 0.05000000000 0.05000000000 0 0 0 0 0 0 15  8  7 s 0 0 0 0 0 0 14  7  7 a 21MeBiDoKi.595
175.12234699999999 0.05000000000 0.05000000000 0 0 0 0 0 0 14  9  6 s 0 0 0 0 0 0 13  8  6 a 21MeBiDoKi.596
175.17734400000001 0.05000000000 0.05000000000 0 0 0 0 0 0 15  8  7 a 0 0 0 0 0 0 14  7  7 s 21MeBiDoKi.597
175.21412699999999 0.05000000000 0.05000000000 0 0 0 0 0 0 14  9  5 s 0 0 0 0 0 0 13  8  6 s 21MeBiDoKi.598
175.35563700000000 0.05000000000 0.05000000000 0 0 0 0 0 0 14  9  6 a 0 0 0 0 0 0 13  8  6 s 21MeBiDoKi.599
176.30773400000001 0.05000000000 0.05000000000 0 0 0 0 0 0 13 11  3 s 0 0 0 0 0 0 12 10  3 a 21MeBiDoKi.600
176.30773400000001 0.05000000000 0.05000000000 0 0 0 0 0 0 13 11  2 s 0 0 0 0 0 0 12 10  2 a 21MeBiDoKi.601
176.47583000000000 0.05000000000 0.05000000000 0 0 0 0 0 0 13 11  3 a 0 0 0 0 0 0 12 10  3 s 21MeBiDoKi.602
176.47583000000000 0.05000000000 0.05000000000 0 0 0 0 0 0 13 11  2 a 0 0 0 0 0 0 12 10  2 s 21MeBiDoKi.603
177.69390999999999 0.05000000000 0.05000000000 0 0 0 0 0 0 15  5 10 s 0 0 0 0 0 0 14  4 10 a 21MeBiDoKi.604
177.88344300000000 0.05000000000 0.05000000000 0 0 0 0 0 0 15  5 10 a 0 0 0 0 0 0 14  4 10 s 21MeBiDoKi.605
178.17228900000001 0.05000000000 0.05000000000 0 0 0 0 0 0 15  7  9 s 0 0 0 0 0 0 14  6  9 a 21MeBiDoKi.606
178.33067500000001 0.05000000000 0.05000000000 0 0 0 0 0 0 15  7  9 a 0 0 0 0 0 0 14  6  9 s 21MeBiDoKi.607
178.77745200000001 0.05000000000 0.05000000000 0 0 0 0 0 0 15  6 10 s 0 0 0 0 0 0 14  5 10 a 21MeBiDoKi.608
178.96167399999999 0.05000000000 0.05000000000 0 0 0 0 0 0 15  6 10 a 0 0 0 0 0 0 14  5 10 s 21MeBiDoKi.609
179.92467300000001 0.05000000000 0.05000000000 0 0 0 0 0 0 15  8  8 s 0 0 0 0 0 0 14  7  8 a 21MeBiDoKi.610
180.05442800000000 0.05000000000 0.05000000000 0 0 0 0 0 0 15  8  8 a 0 0 0 0 0 0 14  7  8 s 21MeBiDoKi.611
180.11678200000000 0.05000000000 0.05000000000 0 0 0 0 0 0 15  4 11 s 0 0 0 0 0 0 14  3 11 a 21MeBiDoKi.612
180.22811500000000 0.05000000000 0.05000000000 0 0 0 0 0 0 15  5 11 s 0 0 0 0 0 0 14  4 11 a 21MeBiDoKi.613
180.29164599999999 0.05000000000 0.05000000000 0 0 0 0 0 0 14 10  4 s 0 0 0 0 0 0 13  9  4 a 21MeBiDoKi.614
180.30412300000000 0.05000000000 0.05000000000 0 0 0 0 0 0 14 10  5 s 0 0 0 0 0 0 13  9  5 a 21MeBiDoKi.615
180.33178300000000 0.05000000000 0.05000000000 0 0 0 0 0 0 15  4 11 a 0 0 0 0 0 0 14  3 11 s 21MeBiDoKi.616
180.44249900000000 0.05000000000 0.05000000000 0 0 0 0 0 0 15  5 11 a 0 0 0 0 0 0 14  4 11 s 21MeBiDoKi.617
180.48076800000001 0.05000000000 0.05000000000 0 0 0 0 0 0 14 10  4 a 0 0 0 0 0 0 13  9  4 s 21MeBiDoKi.618
180.49317099999999 0.05000000000 0.05000000000 0 0 0 0 0 0 14 10  5 a 0 0 0 0 0 0 13  9  5 s 21MeBiDoKi.619
181.49883800000001 0.05000000000 0.05000000000 0 0 0 0 0 0 16  7  9 s 0 0 0 0 0 0 15  6  9 a 21MeBiDoKi.620
181.57987700000001 0.05000000000 0.05000000000 0 0 0 0 0 0 15  3 12 s 0 0 0 0 0 0 14  2 12 a 21MeBiDoKi.621
181.58680699999999 0.05000000000 0.05000000000 0 0 0 0 0 0 15  4 12 s 0 0 0 0 0 0 14  3 12 a 21MeBiDoKi.622
181.83519300000000 0.05000000000 0.05000000000 0 0 0 0 0 0 15  3 12 a 0 0 0 0 0 0 14  2 12 s 21MeBiDoKi.623
181.84209400000000 0.05000000000 0.05000000000 0 0 0 0 0 0 15  4 12 a 0 0 0 0 0 0 14  3 12 s 21MeBiDoKi.624
182.72821700000000 0.05000000000 0.05000000000 0 0 0 0 0 0 15  3 13 s 0 0 0 0 0 0 14  2 13 a 21MeBiDoKi.625
182.72821700000000 0.05000000000 0.05000000000 0 0 0 0 0 0 15  2 13 s 0 0 0 0 0 0 14  1 13 a 21MeBiDoKi.626
182.86426900000001 0.05000000000 0.05000000000 0 0 0 0 0 0 16  8  8 s 0 0 0 0 0 0 15  7  8 a 21MeBiDoKi.627
183.00694100000001 0.05000000000 0.05000000000 0 0 0 0 0 0 16  8  8 a 0 0 0 0 0 0 15  7  8 s 21MeBiDoKi.628
183.03304199999999 0.05000000000 0.05000000000 0 0 0 0 0 0 15  9  6 s 0 0 0 0 0 0 14  8  6 a 21MeBiDoKi.629
183.03944200000001 0.05000000000 0.05000000000 0 0 0 0 0 0 15  3 13 a 0 0 0 0 0 0 14  2 13 s 21MeBiDoKi.630
183.03944200000001 0.05000000000 0.05000000000 0 0 0 0 0 0 15  2 13 a 0 0 0 0 0 0 14  1 13 s 21MeBiDoKi.631
183.13266400000001 0.05000000000 0.05000000000 0 0 0 0 0 0 15  9  6 a 0 0 0 0 0 0 14  8  6 s 21MeBiDoKi.632
183.71836200000001 0.05000000000 0.05000000000 0 0 0 0 0 0 15  2 14 s 0 0 0 0 0 0 14  1 14 a 21MeBiDoKi.633
183.71836200000001 0.05000000000 0.05000000000 0 0 0 0 0 0 15  1 14 s 0 0 0 0 0 0 14  0 14 a 21MeBiDoKi.634
184.10612399999999 0.05000000000 0.05000000000 0 0 0 0 0 0 15  2 14 a 0 0 0 0 0 0 14  1 14 s 21MeBiDoKi.635
184.10612399999999 0.05000000000 0.05000000000 0 0 0 0 0 0 15  1 14 a 0 0 0 0 0 0 14  0 14 s 21MeBiDoKi.636
184.11945399999999 0.05000000000 0.05000000000 0 0 0 0 0 0 15  9  7 s 0 0 0 0 0 0 14  8  7 a 21MeBiDoKi.637
184.21616200000000 0.05000000000 0.05000000000 0 0 0 0 0 0 15  9  7 a 0 0 0 0 0 0 14  8  7 s 21MeBiDoKi.638
184.58373000000000 0.05000000000 0.05000000000 0 0 0 0 0 0 12  7  5 s 0 0 0 0 0 0 11  4  7 a 21MeBiDoKi.639
185.39953299999999 0.05000000000 0.05000000000 0 0 0 0 0 0 14 11  4 s 0 0 0 0 0 0 13 10  4 a 21MeBiDoKi.640
185.39953299999999 0.05000000000 0.05000000000 0 0 0 0 0 0 14 11  3 s 0 0 0 0 0 0 13 10  3 a 21MeBiDoKi.641
185.56477599999999 0.05000000000 0.05000000000 0 0 0 0 0 0 14 11  4 a 0 0 0 0 0 0 13 10  4 s 21MeBiDoKi.642
185.56477599999999 0.05000000000 0.05000000000 0 0 0 0 0 0 14 11  3 a 0 0 0 0 0 0 13 10  3 s 21MeBiDoKi.643
185.80790900000000 0.05000000000 0.05000000000 0 0 0 0 0 0 13 13  1 s 0 0 0 0 0 0 12 12  1 a 21MeBiDoKi.644
185.80790900000000 0.05000000000 0.05000000000 0 0 0 0 0 0 13 13  0 s 0 0 0 0 0 0 12 12  0 a 21MeBiDoKi.645
185.94000299999999 0.05000000000 0.05000000000 0 0 0 0 0 0 13 13  0 a 0 0 0 0 0 0 12 12  0 s 21MeBiDoKi.646
185.94000299999999 0.05000000000 0.05000000000 0 0 0 0 0 0 13 13  1 a 0 0 0 0 0 0 12 12  1 s 21MeBiDoKi.647
186.45504800000001 0.05000000000 0.05000000000 0 0 0 0 0 0 16  6 10 s 0 0 0 0 0 0 15  5 10 a 21MeBiDoKi.648
186.62092300000000 0.05000000000 0.05000000000 0 0 0 0 0 0 16  6 10 a 0 0 0 0 0 0 15  5 10 s 21MeBiDoKi.649
187.36580000000001 0.05000000000 0.05000000000 0 0 0 0 0 0 12  6  6 s 0 0 0 0 0 0 11  3  8 a 21MeBiDoKi.650
189.13720900000001 0.05000000000 0.05000000000 0 0 0 0 0 0 15 10  5 s 0 0 0 0 0 0 14  9  5 a 21MeBiDoKi.651
189.16147100000001 0.05000000000 0.05000000000 0 0 0 0 0 0 15 10  6 s 0 0 0 0 0 0 14  9  6 a 21MeBiDoKi.652
189.26497699999999 0.05000000000 0.05000000000 0 0 0 0 0 0 15 10  5 a 0 0 0 0 0 0 14  9  6 a 21MeBiDoKi.653
189.30289300000001 0.05000000000 0.05000000000 0 0 0 0 0 0 15 10  6 s 0 0 0 0 0 0 14  9  5 s 21MeBiDoKi.654
189.40639899999999 0.05000000000 0.05000000000 0 0 0 0 0 0 15 10  5 a 0 0 0 0 0 0 14  9  5 s 21MeBiDoKi.655
189.43039600000000 0.05000000000 0.05000000000 0 0 0 0 0 0 15 10  6 a 0 0 0 0 0 0 14  9  6 s 21MeBiDoKi.656
189.52473599999999 0.05000000000 0.05000000000 0 0 0 0 0 0 16  7 10 s 0 0 0 0 0 0 15  6 10 a 21MeBiDoKi.657
189.67673700000000 0.05000000000 0.05000000000 0 0 0 0 0 0 16  7 10 a 0 0 0 0 0 0 15  6 10 s 21MeBiDoKi.658
190.03545600000001 0.05000000000 0.05000000000 0 0 0 0 0 0 16  8  9 s 0 0 0 0 0 0 15  7  9 a 21MeBiDoKi.659
190.16185600000000 0.05000000000 0.05000000000 0 0 0 0 0 0 16  8  9 a 0 0 0 0 0 0 15  7  9 s 21MeBiDoKi.660
190.28335500000000 0.05000000000 0.05000000000 0 0 0 0 0 0 14 12  2 s 0 0 0 0 0 0 13 11  2 a 21MeBiDoKi.661
190.28335500000000 0.05000000000 0.05000000000 0 0 0 0 0 0 14 12  3 s 0 0 0 0 0 0 13 11  3 a 21MeBiDoKi.662
190.30863199999999 0.05000000000 0.05000000000 0 0 0 0 0 0 16  5 11 s 0 0 0 0 0 0 15  4 11 a 21MeBiDoKi.663
190.43069199999999 0.05000000000 0.05000000000 0 0 0 0 0 0 14 12  2 a 0 0 0 0 0 0 13 11  2 s 21MeBiDoKi.664
190.43069199999999 0.05000000000 0.05000000000 0 0 0 0 0 0 14 12  3 a 0 0 0 0 0 0 13 11  3 s 21MeBiDoKi.665
190.48854399999999 0.05000000000 0.05000000000 0 0 0 0 0 0 16  5 11 a 0 0 0 0 0 0 15  4 11 s 21MeBiDoKi.666
190.69127499999999 0.05000000000 0.05000000000 0 0 0 0 0 0 16  9  7 s 0 0 0 0 0 0 15  8  7 a 21MeBiDoKi.667
190.79426599999999 0.05000000000 0.05000000000 0 0 0 0 0 0 16  9  7 a 0 0 0 0 0 0 15  8  7 s 21MeBiDoKi.668
190.95316700000001 0.05000000000 0.05000000000 0 0 0 0 0 0 16  6 11 a 0 0 0 0 0 0 15  5 11 s 21MeBiDoKi.669
191.97821999999999 0.05000000000 0.05000000000 0 0 0 0 0 0 17  8  9 s 0 0 0 0 0 0 16  7  9 a 21MeBiDoKi.670
192.11788999999999 0.05000000000 0.05000000000 0 0 0 0 0 0 17  8  9 a 0 0 0 0 0 0 16  7  9 s 21MeBiDoKi.671
192.29754399999999 0.05000000000 0.05000000000 0 0 0 0 0 0 16  4 12 s 0 0 0 0 0 0 15  3 12 a 21MeBiDoKi.672
192.33801900000000 0.05000000000 0.05000000000 0 0 0 0 0 0 16  5 12 s 0 0 0 0 0 0 15  4 12 a 21MeBiDoKi.673
192.50760199999999 0.05000000000 0.05000000000 0 0 0 0 0 0 16  4 12 a 0 0 0 0 0 0 15  3 12 s 21MeBiDoKi.674
192.54784200000000 0.05000000000 0.05000000000 0 0 0 0 0 0 16  5 12 a 0 0 0 0 0 0 15  4 12 s 21MeBiDoKi.675
193.24484400000000 0.05000000000 0.05000000000 0 0 0 0 0 0 16  9  8 s 0 0 0 0 0 0 15  8  8 a 21MeBiDoKi.676
193.34122900000000 0.05000000000 0.05000000000 0 0 0 0 0 0 16  9  8 a 0 0 0 0 0 0 15  8  8 s 21MeBiDoKi.677
193.69413000000000 0.05000000000 0.05000000000 0 0 0 0 0 0 16  3 13 s 0 0 0 0 0 0 15  2 13 a 21MeBiDoKi.678
193.69639000000001 0.05000000000 0.05000000000 0 0 0 0 0 0 16  4 13 s 0 0 0 0 0 0 15  3 13 a 21MeBiDoKi.679
193.94862800000001 0.05000000000 0.05000000000 0 0 0 0 0 0 16  3 13 a 0 0 0 0 0 0 15  2 13 s 21MeBiDoKi.680
193.95095300000000 0.05000000000 0.05000000000 0 0 0 0 0 0 16  4 13 a 0 0 0 0 0 0 15  3 13 s 21MeBiDoKi.681
194.40797000000001 0.05000000000 0.05000000000 0 0 0 0 0 0 15 11  4 s 0 0 0 0 0 0 14 10  4 a 21MeBiDoKi.682
194.41042700000000 0.05000000000 0.05000000000 0 0 0 0 0 0 15 11  5 s 0 0 0 0 0 0 14 10  5 a 21MeBiDoKi.683
194.42979000000000 0.05000000000 0.05000000000 0 0 0 0 0 0 17  7 10 a 0 0 0 0 0 0 16  6 10 s 21MeBiDoKi.684
194.57009300000001 0.05000000000 0.05000000000 0 0 0 0 0 0 15 11  4 a 0 0 0 0 0 0 14 10  4 s 21MeBiDoKi.685
194.57249100000001 0.05000000000 0.05000000000 0 0 0 0 0 0 15 11  5 a 0 0 0 0 0 0 14 10  5 s 21MeBiDoKi.686
194.85736499999999 0.05000000000 0.05000000000 0 0 0 0 0 0 16  3 14 s 0 0 0 0 0 0 15  2 14 a 21MeBiDoKi.687
194.85736499999999 0.05000000000 0.05000000000 0 0 0 0 0 0 16  2 14 s 0 0 0 0 0 0 15  1 14 a 21MeBiDoKi.688
194.98251500000001 0.05000000000 0.05000000000 0 0 0 0 0 0 14 13  2 s 0 0 0 0 0 0 13 12  2 a 21MeBiDoKi.689
194.98251500000001 0.05000000000 0.05000000000 0 0 0 0 0 0 14 13  1 s 0 0 0 0 0 0 13 12  1 a 21MeBiDoKi.690
195.11260400000000 0.05000000000 0.05000000000 0 0 0 0 0 0 14 13  2 a 0 0 0 0 0 0 13 12  2 s 21MeBiDoKi.691
195.11260400000000 0.05000000000 0.05000000000 0 0 0 0 0 0 14 13  1 a 0 0 0 0 0 0 13 12  1 s 21MeBiDoKi.692
195.17353399999999 0.05000000000 0.05000000000 0 0 0 0 0 0 16  3 14 a 0 0 0 0 0 0 15  2 14 s 21MeBiDoKi.693
195.17353399999999 0.05000000000 0.05000000000 0 0 0 0 0 0 16  2 14 a 0 0 0 0 0 0 15  1 14 s 21MeBiDoKi.694
195.88951599999999 0.05000000000 0.05000000000 0 0 0 0 0 0 16  2 15 s 0 0 0 0 0 0 15  1 15 a 21MeBiDoKi.695
195.88951599999999 0.05000000000 0.05000000000 0 0 0 0 0 0 16  1 15 s 0 0 0 0 0 0 15  0 15 a 21MeBiDoKi.696
196.29010800000000 0.05000000000 0.05000000000 0 0 0 0 0 0 16  2 15 a 0 0 0 0 0 0 15  1 15 s 21MeBiDoKi.697
196.29010800000000 0.05000000000 0.05000000000 0 0 0 0 0 0 16  1 15 a 0 0 0 0 0 0 15  0 15 s 21MeBiDoKi.698
197.86749000000000 0.05000000000 0.05000000000 0 0 0 0 0 0 16 10  6 a 0 0 0 0 0 0 15  9  6 s 21MeBiDoKi.699
197.93877000000001 0.05000000000 0.05000000000 0 0 0 0 0 0 17  9  8 a 0 0 0 0 0 0 16  8  8 s 21MeBiDoKi.700
198.16210899999999 0.05000000000 0.05000000000 0 0 0 0 0 0 16 10  7 s 0 0 0 0 0 0 15  9  7 a 21MeBiDoKi.701
198.22426500000000 0.05000000000 0.05000000000 0 0 0 0 0 0 16 10  6 s 0 0 0 0 0 0 15  9  7 s 21MeBiDoKi.702
198.37213000000000 0.05000000000 0.05000000000 0 0 0 0 0 0 16 10  7 a 0 0 0 0 0 0 15  9  7 s 21MeBiDoKi.703
199.35920700000000 0.05000000000 0.05000000000 0 0 0 0 0 0 15 12  3 s 0 0 0 0 0 0 14 11  3 a 21MeBiDoKi.704
199.35920999999999 0.05000000000 0.05000000000 0 0 0 0 0 0 15 12  4 s 0 0 0 0 0 0 14 11  4 a 21MeBiDoKi.705
199.50376299999999 0.05000000000 0.05000000000 0 0 0 0 0 0 14 14  1 s 0 0 0 0 0 0 13 13  1 a 21MeBiDoKi.706
199.50376299999999 0.05000000000 0.05000000000 0 0 0 0 0 0 15 12  3 a 0 0 0 0 0 0 14 11  3 s 21MeBiDoKi.707
199.50376299999999 0.05000000000 0.05000000000 0 0 0 0 0 0 15 12  4 a 0 0 0 0 0 0 14 11  4 s 21MeBiDoKi.708
199.50376299999999 0.05000000000 0.05000000000 0 0 0 0 0 0 14 14  0 s 0 0 0 0 0 0 13 13  0 a 21MeBiDoKi.709
199.61746500000001 0.05000000000 0.05000000000 0 0 0 0 0 0 14 14  1 a 0 0 0 0 0 0 13 13  1 s 21MeBiDoKi.710
199.61746500000001 0.05000000000 0.05000000000 0 0 0 0 0 0 14 14  0 a 0 0 0 0 0 0 13 13  0 s 21MeBiDoKi.711
199.79981900000001 0.05000000000 0.05000000000 0 0 0 0 0 0 17  6 11 a 0 0 0 0 0 0 16  5 11 s 21MeBiDoKi.712
200.66963999999999 0.05000000000 0.05000000000 0 0 0 0 0 0 17  8 10 s 0 0 0 0 0 0 16  7 10 a 21MeBiDoKi.713
200.79139000000001 0.05000000000 0.05000000000 0 0 0 0 0 0 17  8 10 a 0 0 0 0 0 0 16  7 10 s 21MeBiDoKi.714
201.20726199999999 0.05000000000 0.05000000000 0 0 0 0 0 0 17  7 11 s 0 0 0 0 0 0 16  6 11 a 21MeBiDoKi.715
201.35236000000000 0.05000000000 0.05000000000 0 0 0 0 0 0 17  7 11 a 0 0 0 0 0 0 16  6 11 s 21MeBiDoKi.716
202.62889000000001 0.05000000000 0.05000000000 0 0 0 0 0 0 17  5 12 s 0 0 0 0 0 0 16  4 12 a 21MeBiDoKi.717
202.65749000000000 0.05000000000 0.05000000000 0 0 0 0 0 0 17  9  9 s 0 0 0 0 0 0 16  8  9 a 21MeBiDoKi.718
202.75246999999999 0.05000000000 0.05000000000 0 0 0 0 0 0 17  9  9 a 0 0 0 0 0 0 16  8  9 s 21MeBiDoKi.719
202.77553000000000 0.05000000000 0.05000000000 0 0 0 0 0 0 18  8 10 s 0 0 0 0 0 0 17  7 10 a 21MeBiDoKi.720
202.98811000000001 0.05000000000 0.05000000000 0 0 0 0 0 0 17  6 12 a 0 0 0 0 0 0 16  5 12 s 21MeBiDoKi.721
203.30745999999999 0.05000000000 0.05000000000 0 0 0 0 0 0 16 11  5 s 0 0 0 0 0 0 15 10  5 a 21MeBiDoKi.722
203.31692000000001 0.05000000000 0.05000000000 0 0 0 0 0 0 16 11  6 s 0 0 0 0 0 0 15 10  6 a 21MeBiDoKi.723
203.48358500000001 0.05000000000 0.05000000000 0 0 0 0 0 0 16 11  6 a 0 0 0 0 0 0 15 10  6 s 21MeBiDoKi.724
204.10312300000001 0.05000000000 0.05000000000 0 0 0 0 0 0 15 13  3 s 0 0 0 0 0 0 14 12  3 a 21MeBiDoKi.725
204.10312300000001 0.05000000000 0.05000000000 0 0 0 0 0 0 15 13  2 s 0 0 0 0 0 0 14 12  2 a 21MeBiDoKi.726
204.23095000000001 0.05000000000 0.05000000000 0 0 0 0 0 0 15 13  3 a 0 0 0 0 0 0 14 12  3 s 21MeBiDoKi.727
204.23095000000001 0.05000000000 0.05000000000 0 0 0 0 0 0 15 13  2 a 0 0 0 0 0 0 14 12  2 s 21MeBiDoKi.728
204.39309000000000 0.05000000000 0.05000000000 0 0 0 0 0 0 17  4 13 s 0 0 0 0 0 0 16  3 13 a 21MeBiDoKi.729
204.40725000000000 0.05000000000 0.05000000000 0 0 0 0 0 0 17  5 13 s 0 0 0 0 0 0 16  4 13 a 21MeBiDoKi.730
204.59898200000001 0.05000000000 0.05000000000 0 0 0 0 0 0 17  4 13 a 0 0 0 0 0 0 16  3 13 s 21MeBiDoKi.731
204.61315099999999 0.05000000000 0.05000000000 0 0 0 0 0 0 17  5 13 a 0 0 0 0 0 0 16  4 13 s 21MeBiDoKi.732
205.98296999999999 0.05000000000 0.05000000000 0 0 0 0 0 0 17 10  7 s 0 0 0 0 0 0 16  9  7 a 21MeBiDoKi.733
206.02199800000000 0.05000000000 0.05000000000 0 0 0 0 0 0 17  3 14 a 0 0 0 0 0 0 16  2 14 s 21MeBiDoKi.734
206.02199800000000 0.05000000000 0.05000000000 0 0 0 0 0 0 17  4 14 a 0 0 0 0 0 0 16  3 14 s 21MeBiDoKi.735
206.05054000000001 0.05000000000 0.05000000000 0 0 0 0 0 0 17 10  7 a 0 0 0 0 0 0 16  9  7 s 21MeBiDoKi.736
206.95769999999999 0.05000000000 0.05000000000 0 0 0 0 0 0 17  2 15 s 0 0 0 0 0 0 16  1 15 a 21MeBiDoKi.737
206.95769999999999 0.05000000000 0.05000000000 0 0 0 0 0 0 17  3 15 s 0 0 0 0 0 0 16  2 15 a 21MeBiDoKi.738
207.00575000000001 0.05000000000 0.05000000000 0 0 0 0 0 0 17 10  8 s 0 0 0 0 0 0 16  9  8 a 21MeBiDoKi.739
207.27962500000001 0.05000000000 0.05000000000 0 0 0 0 0 0 17  2 15 a 0 0 0 0 0 0 16  1 15 s 21MeBiDoKi.740
207.27962500000001 0.05000000000 0.05000000000 0 0 0 0 0 0 17  3 15 a 0 0 0 0 0 0 16  2 15 s 21MeBiDoKi.741
207.75794999999999 0.05000000000 0.05000000000 0 0 0 0 0 0 18  7 11 s 0 0 0 0 0 0 17  6 11 a 21MeBiDoKi.742
208.03842399999999 0.05000000000 0.05000000000 0 0 0 0 0 0 17  2 16 s 0 0 0 0 0 0 16  1 16 a 21MeBiDoKi.743
208.03842399999999 0.05000000000 0.05000000000 0 0 0 0 0 0 17  1 16 s 0 0 0 0 0 0 16  0 16 a 21MeBiDoKi.744
208.35756499999999 0.05000000000 0.05000000000 0 0 0 0 0 0 16 12  5 s 0 0 0 0 0 0 15 11  5 a 21MeBiDoKi.745
208.35756499999999 0.05000000000 0.05000000000 0 0 0 0 0 0 16 12  4 s 0 0 0 0 0 0 15 11  4 a 21MeBiDoKi.746
208.49917700000000 0.05000000000 0.05000000000 0 0 0 0 0 0 16 12  5 a 0 0 0 0 0 0 15 11  5 s 21MeBiDoKi.747
208.49917700000000 0.05000000000 0.05000000000 0 0 0 0 0 0 16 12  4 a 0 0 0 0 0 0 15 11  4 s 21MeBiDoKi.748
208.65953500000001 0.05000000000 0.05000000000 0 0 0 0 0 0 15 14  1 s 0 0 0 0 0 0 14 13  1 a 21MeBiDoKi.749
208.65953500000001 0.05000000000 0.05000000000 0 0 0 0 0 0 15 14  2 s 0 0 0 0 0 0 14 13  2 a 21MeBiDoKi.750
208.77134000000001 0.05000000000 0.05000000000 0 0 0 0 0 0 15 14  1 a 0 0 0 0 0 0 14 13  1 s 21MeBiDoKi.751
208.77134000000001 0.05000000000 0.05000000000 0 0 0 0 0 0 15 14  2 a 0 0 0 0 0 0 14 13  2 s 21MeBiDoKi.752
213.03146100000001 0.05000000000 0.05000000000 0 0 0 0 0 0 15 15  0 s 0 0 0 0 0 0 14 14  0 a 21MeBiDoKi.753
213.03146100000001 0.05000000000 0.05000000000 0 0 0 0 0 0 15 15  1 s 0 0 0 0 0 0 14 14  1 a 21MeBiDoKi.754
213.12839099999999 0.05000000000 0.05000000000 0 0 0 0 0 0 15 15  0 a 0 0 0 0 0 0 14 14  0 s 21MeBiDoKi.755
213.12839099999999 0.05000000000 0.05000000000 0 0 0 0 0 0 15 15  1 a 0 0 0 0 0 0 14 14  1 s 21MeBiDoKi.756
213.15971200000001 0.05000000000 0.05000000000 0 0 0 0 0 0 16 13  4 s 0 0 0 0 0 0 15 12  4 a 21MeBiDoKi.757
213.15971200000001 0.05000000000 0.05000000000 0 0 0 0 0 0 16 13  3 s 0 0 0 0 0 0 15 12  3 a 21MeBiDoKi.758
213.28511399999999 0.05000000000 0.05000000000 0 0 0 0 0 0 16 13  3 a 0 0 0 0 0 0 15 12  3 s 21MeBiDoKi.759
213.28511399999999 0.05000000000 0.05000000000 0 0 0 0 0 0 16 13  4 a 0 0 0 0 0 0 15 12  4 s 21MeBiDoKi.760
214.76913999999999 0.05000000000 0.05000000000 0 0 0 0 0 0 18  5 13 s 0 0 0 0 0 0 17  4 13 a 21MeBiDoKi.761
217.75932000000000 0.05000000000 0.05000000000 0 0 0 0 0 0 16 14  2 s 0 0 0 0 0 0 15 13  2 a 21MeBiDoKi.762
217.75932000000000 0.05000000000 0.05000000000 0 0 0 0 0 0 16 14  3 s 0 0 0 0 0 0 15 13  3 a 21MeBiDoKi.763
217.80157000000000 0.05000000000 0.05000000000 0 0 0 0 0 0 18  3 15 s 0 0 0 0 0 0 17  2 15 a 21MeBiDoKi.764
217.80157000000000 0.05000000000 0.05000000000 0 0 0 0 0 0 18  4 15 s 0 0 0 0 0 0 17  3 15 a 21MeBiDoKi.765
217.86910499999999 0.05000000000 0.05000000000 0 0 0 0 0 0 16 14  2 a 0 0 0 0 0 0 15 13  2 s 21MeBiDoKi.766
217.86910499999999 0.05000000000 0.05000000000 0 0 0 0 0 0 16 14  3 a 0 0 0 0 0 0 15 13  3 s 21MeBiDoKi.767